425811,901,GuardS,61,460,1002
425891,901,GuardS,509,359,1002
433194,104,Pheasant,385,285,1002
432864,104,Pheasant,384,280,1002
429311,104,Pheasant,385,279,1002
439609,104,Pheasant,386,287,1002
436498,104,Pheasant,400,269,1002
432613,104,Pheasant,405,284,1002
437119,104,Pheasant,400,274,1002
416733,104,Pheasant,397,286,1002
402458,104,Pheasant,398,286,1002
433048,104,Pheasant,409,273,1002
429252,104,Pheasant,411,279,1002
438564,104,Pheasant,414,255,1002
423702,104,Pheasant,419,287,1002
435394,104,Pheasant,415,283,1002
401025,104,Pheasant,422,278,1002
427613,104,Pheasant,422,249,1002
433337,104,Pheasant,429,246,1002
424572,104,Pheasant,422,242,1002
442134,104,Pheasant,426,251,1002
403006,104,Pheasant,429,248,1002
424650,104,Pheasant,421,237,1002
442288,104,Pheasant,424,234,1002
428733,104,Pheasant,432,242,1002
442140,104,Pheasant,432,269,1002
427046,104,Pheasant,440,276,1002
405757,104,Pheasant,421,253,1002
405221,104,Pheasant,426,261,1002
430678,104,Pheasant,422,267,1002
429451,104,Pheasant,428,268,1002
402735,104,Pheasant,433,246,1002
430205,104,Pheasant,438,239,1002
428804,104,Pheasant,434,250,1002
423556,104,Pheasant,434,263,1002
402875,104,Pheasant,437,284,1002
431291,104,Pheasant,438,286,1002
419672,104,Pheasant,412,232,1002
430338,104,Pheasant,424,233,1002
428469,104,Pheasant,386,217,1002
414367,104,Pheasant,384,218,1002
434492,104,Pheasant,386,218,1002
418557,104,Pheasant,389,213,1002
417060,104,Pheasant,388,236,1002
401705,104,Pheasant,428,244,1002
413715,104,Pheasant,416,284,1002
402159,104,Pheasant,435,240,1002
426676,104,Pheasant,448,283,1002
421535,104,Pheasant,435,283,1002
414867,104,Pheasant,442,234,1002
426193,104,Pheasant,451,275,1002
422548,104,Pheasant,451,286,1002
430914,104,Pheasant,451,276,1002
428261,104,Pheasant,452,278,1002
421049,104,Pheasant,453,286,1002
434332,104,Pheasant,452,286,1002
406639,104,Pheasant,455,273,1002
417595,104,Pheasant,418,289,1002
431588,104,Pheasant,397,289,1002
437503,104,Pheasant,413,284,1002
420626,104,Pheasant,440,295,1002
431985,104,Pheasant,434,293,1002
428984,104,Pheasant,434,299,1002
423191,104,Pheasant,436,295,1002
411428,104,Pheasant,414,280,1002
436517,104,Pheasant,420,290,1002
434976,104,Pheasant,425,296,1002
427601,104,Pheasant,426,299,1002
408656,104,Pheasant,401,295,1002
430969,104,Pheasant,408,290,1002
425489,104,Pheasant,403,294,1002
424377,104,Pheasant,407,297,1002
403674,104,Pheasant,444,290,1002
426836,104,Pheasant,442,294,1002
440204,104,Pheasant,448,291,1002
428716,104,Pheasant,446,295,1002
401568,104,Pheasant,427,306,1002
408717,104,Pheasant,419,307,1002
439630,104,Pheasant,396,304,1002
414707,104,Pheasant,445,310,1002
428976,104,Pheasant,431,302,1002
407164,104,Pheasant,427,305,1002
414829,104,Pheasant,426,300,1002
438037,104,Pheasant,414,314,1002
407392,104,Pheasant,416,313,1002
407240,104,Pheasant,399,321,1002
401203,104,Pheasant,379,317,1002
423711,104,Pheasant,391,287,1002
432017,104,Pheasant,428,317,1002
406945,104,Pheasant,387,313,1002
413198,104,Pheasant,390,323,1002
416177,104,Pheasant,386,320,1002
432963,104,Pheasant,384,310,1002
438517,104,Pheasant,381,294,1002
417056,104,Pheasant,388,301,1002
406785,104,Pheasant,385,292,1002
437773,104,Pheasant,382,301,1002
418930,104,Pheasant,381,287,1002
419637,104,Pheasant,379,314,1002
437989,104,Pheasant,378,307,1002
435109,104,Pheasant,379,308,1002
434828,104,Pheasant,378,313,1002
411821,104,Pheasant,379,311,1002
413665,104,Pheasant,374,310,1002
400020,104,Pheasant,376,314,1002
402555,104,Pheasant,373,313,1002
424716,104,Pheasant,371,311,1002
421399,104,Pheasant,372,299,1002
437197,104,Pheasant,372,293,1002
403049,104,Pheasant,374,296,1002
423682,104,Pheasant,376,300,1002
439273,104,Pheasant,376,303,1002
407144,104,Pheasant,371,290,1002
409505,104,Pheasant,377,294,1002
427790,104,Pheasant,370,283,1002
403978,104,Pheasant,373,285,1002
436021,104,Pheasant,393,324,1002
407567,104,Pheasant,382,328,1002
424635,104,Pheasant,390,325,1002
435839,104,Pheasant,374,326,1002
431373,104,Pheasant,405,326,1002
416399,104,Pheasant,402,325,1002
416782,104,Pheasant,407,325,1002
413161,104,Pheasant,398,328,1002
441153,104,Pheasant,390,336,1002
430238,104,Pheasant,391,336,1002
424791,104,Pheasant,384,330,1002
411624,104,Pheasant,392,337,1002
426940,104,Pheasant,370,335,1002
405878,104,Pheasant,404,335,1002
415430,104,Pheasant,382,328,1002
422624,104,Pheasant,403,339,1002
402944,104,Pheasant,397,339,1002
433157,104,Pheasant,378,340,1002
408794,104,Pheasant,392,346,1002
420373,104,Pheasant,382,346,1002
406581,104,Pheasant,391,349,1002
435068,104,Pheasant,382,342,1002
429348,104,Pheasant,383,344,1002
402249,104,Pheasant,379,342,1002
425790,104,Pheasant,382,343,1002
433661,104,Pheasant,376,348,1002
431704,104,Pheasant,408,340,1002
421874,104,Pheasant,396,349,1002
406239,104,Pheasant,405,351,1002
432479,104,Pheasant,399,350,1002
402928,104,Pheasant,382,352,1002
422973,104,Pheasant,393,354,1002
411952,104,Pheasant,386,351,1002
434485,104,Pheasant,395,354,1002
420365,104,Pheasant,422,319,1002
420310,104,Pheasant,416,339,1002
417379,104,Pheasant,425,338,1002
401291,104,Pheasant,416,326,1002
440031,104,Pheasant,425,344,1002
441962,104,Pheasant,418,356,1002
411372,104,Pheasant,415,342,1002
440799,104,Pheasant,406,365,1002
426826,104,Pheasant,402,365,1002
438159,104,Pheasant,384,365,1002
442128,104,Pheasant,391,363,1002
414204,104,Pheasant,394,363,1002
423004,104,Pheasant,378,363,1002
435260,104,Pheasant,378,362,1002
402281,104,Pheasant,387,356,1002
428134,104,Pheasant,387,355,1002
407425,104,Pheasant,427,336,1002
436729,104,Pheasant,427,345,1002
435802,104,Pheasant,424,363,1002
413580,104,Pheasant,402,355,1002
415844,104,Pheasant,397,358,1002
423153,104,Pheasant,399,367,1002
413155,104,Pheasant,397,366,1002
429819,104,Pheasant,429,331,1002
419926,104,Pheasant,430,335,1002
434854,104,Pheasant,435,336,1002
406715,104,Pheasant,433,334,1002
423782,104,Pheasant,436,332,1002
418933,104,Pheasant,436,339,1002
441119,104,Pheasant,432,330,1002
430690,104,Pheasant,445,369,1002
404916,104,Pheasant,429,345,1002
404029,104,Pheasant,448,334,1002
405589,104,Pheasant,443,370,1002
422608,104,Pheasant,444,335,1002
411325,104,Pheasant,442,338,1002
402593,104,Pheasant,443,339,1002
427116,104,Pheasant,446,337,1002
410930,104,Pheasant,446,374,1002
417213,104,Pheasant,446,373,1002
410312,104,Pheasant,446,375,1002
441012,104,Pheasant,455,300,1002
402144,104,Pheasant,456,303,1002
432835,104,Pheasant,457,299,1002
426794,104,Pheasant,450,299,1002
428985,104,Pheasant,457,310,1002
407140,104,Pheasant,459,292,1002
428067,104,Pheasant,454,298,1002
401816,104,Pheasant,457,298,1002
404415,104,Pheasant,458,287,1002
403199,104,Pheasant,469,303,1002
413774,104,Pheasant,469,305,1002
405215,104,Pheasant,452,292,1002
413269,104,Pheasant,453,290,1002
401678,104,Pheasant,453,289,1002
434477,104,Pheasant,452,291,1002
433781,104,Pheasant,471,310,1002
407142,104,Pheasant,377,295,1002
426302,104,Pheasant,360,342,1002
431690,104,Pheasant,366,362,1002
438914,104,Pheasant,373,362,1002
411992,104,Pheasant,374,352,1002
428325,104,Pheasant,360,357,1002
414550,104,Pheasant,393,367,1002
402890,104,Pheasant,379,372,1002
437279,104,Pheasant,369,363,1002
413512,104,Pheasant,410,381,1002
433228,104,Pheasant,398,378,1002
413674,104,Pheasant,423,380,1002
440027,104,Pheasant,402,387,1002
436369,104,Pheasant,386,391,1002
441901,104,Pheasant,378,389,1002
439994,104,Pheasant,385,390,1002
408349,104,Pheasant,419,374,1002
426043,104,Pheasant,422,372,1002
430248,104,Pheasant,425,386,1002
439058,104,Pheasant,424,388,1002
433875,104,Pheasant,437,389,1002
402923,104,Pheasant,432,389,1002
404311,104,Pheasant,440,398,1002
421714,104,Pheasant,434,396,1002
421218,104,Pheasant,423,396,1002
440381,104,Pheasant,450,374,1002
429944,104,Pheasant,443,383,1002
432847,104,Pheasant,448,381,1002
441936,104,Pheasant,448,379,1002
410391,104,Pheasant,421,400,1002
403593,104,Pheasant,417,413,1002
428564,104,Pheasant,419,411,1002
405057,104,Pheasant,435,409,1002
403428,104,Pheasant,435,404,1002
425913,104,Pheasant,434,409,1002
423628,104,Pheasant,432,399,1002
426916,104,Pheasant,430,406,1002
421344,104,Pheasant,415,418,1002
431868,104,Pheasant,411,412,1002
404909,104,Pheasant,400,411,1002
405422,104,Pheasant,413,400,1002
429210,104,Pheasant,402,422,1002
429250,104,Pheasant,401,431,1002
418514,104,Pheasant,409,404,1002
427610,104,Pheasant,410,407,1002
426238,104,Pheasant,396,437,1002
429022,104,Pheasant,434,430,1002
432349,104,Pheasant,443,432,1002
423921,104,Pheasant,442,432,1002
402613,104,Pheasant,436,432,1002
414421,104,Pheasant,420,427,1002
427293,104,Pheasant,402,439,1002
423229,104,Pheasant,400,437,1002
427814,104,Pheasant,401,436,1002
431475,104,Pheasant,411,443,1002
431120,104,Pheasant,383,437,1002
423074,104,Pheasant,388,443,1002
409604,104,Pheasant,381,437,1002
406202,104,Pheasant,395,431,1002
423706,104,Pheasant,428,438,1002
441812,104,Pheasant,417,438,1002
434842,104,Pheasant,384,447,1002
415567,104,Pheasant,425,445,1002
432994,104,Pheasant,442,437,1002
415856,104,Pheasant,447,446,1002
435643,304,Turtledove,393,485,1002
441373,304,Turtledove,391,482,1002
405430,304,Turtledove,379,483,1002
401015,304,Turtledove,375,454,1002
439645,304,Turtledove,377,454,1002
430904,304,Turtledove,372,462,1002
408554,104,Pheasant,373,420,1002
410978,104,Pheasant,361,424,1002
441341,104,Pheasant,364,423,1002
430269,104,Pheasant,362,431,1002
405393,104,Pheasant,388,429,1002
405260,104,Pheasant,379,427,1002
414744,304,Turtledove,361,452,1002
429001,304,Turtledove,368,463,1002
406180,304,Turtledove,365,462,1002
403024,304,Turtledove,369,461,1002
402273,304,Turtledove,358,460,1002
419574,104,Pheasant,350,419,1002
414385,104,Pheasant,349,420,1002
423253,104,Pheasant,353,415,1002
406377,104,Pheasant,362,419,1002
422357,104,Pheasant,363,414,1002
439355,104,Pheasant,367,414,1002
404553,104,Pheasant,389,418,1002
435172,104,Pheasant,384,417,1002
418468,104,Pheasant,390,419,1002
418871,104,Pheasant,380,419,1002
403725,104,Pheasant,380,417,1002
410474,104,Pheasant,386,417,1002
416474,104,Pheasant,384,415,1002
439749,104,Pheasant,391,418,1002
422511,104,Pheasant,363,441,1002
403629,104,Pheasant,365,434,1002
420288,104,Pheasant,360,447,1002
418290,104,Pheasant,360,449,1002
410280,104,Pheasant,354,415,1002
417018,104,Pheasant,357,430,1002
404297,104,Pheasant,350,433,1002
438717,104,Pheasant,352,441,1002
424335,104,Pheasant,356,440,1002
410553,104,Pheasant,350,445,1002
428730,304,Turtledove,353,449,1002
425028,104,Pheasant,351,426,1002
416490,104,Pheasant,349,407,1002
428847,104,Pheasant,351,408,1002
408803,104,Pheasant,353,408,1002
416117,104,Pheasant,358,403,1002
412328,104,Pheasant,342,406,1002
422989,104,Pheasant,374,412,1002
440793,104,Pheasant,374,405,1002
435795,104,Pheasant,372,403,1002
424779,104,Pheasant,367,411,1002
439309,104,Pheasant,373,406,1002
401365,104,Pheasant,365,410,1002
429683,104,Pheasant,364,413,1002
406560,104,Pheasant,346,430,1002
405871,104,Pheasant,343,423,1002
426078,104,Pheasant,330,401,1002
441668,104,Pheasant,340,397,1002
428561,104,Pheasant,340,388,1002
401855,104,Pheasant,348,401,1002
433897,104,Pheasant,338,421,1002
435435,104,Pheasant,375,385,1002
410304,104,Pheasant,363,389,1002
411380,104,Pheasant,329,419,1002
417443,104,Pheasant,332,429,1002
435873,104,Pheasant,329,426,1002
436943,104,Pheasant,327,415,1002
418453,104,Pheasant,325,430,1002
402311,104,Pheasant,323,418,1002
424761,104,Pheasant,323,404,1002
421683,104,Pheasant,355,382,1002
434614,104,Pheasant,330,411,1002
430992,104,Pheasant,316,406,1002
437471,104,Pheasant,317,400,1002
406802,901,GuardS,55,396,1002
421888,104,Pheasant,314,403,1002
418858,901,GuardS,446,436,1002
406803,901,GuardS,413,386,1002
406804,901,GuardS,412,371,1002
437277,104,Pheasant,257,326,1002
401560,104,Pheasant,256,336,1002
429118,104,Pheasant,253,327,1002
418693,104,Pheasant,251,342,1002
437322,104,Pheasant,250,343,1002
427025,104,Pheasant,247,336,1002
437467,104,Pheasant,247,358,1002
419611,104,Pheasant,236,380,1002
417882,104,Pheasant,256,398,1002
440070,104,Pheasant,241,393,1002
413616,104,Pheasant,234,386,1002
435974,104,Pheasant,282,398,1002
401495,104,Pheasant,271,396,1002
437523,104,Pheasant,254,394,1002
426552,104,Pheasant,257,402,1002
413582,104,Pheasant,257,399,1002
427729,104,Pheasant,241,400,1002
434922,104,Pheasant,245,403,1002
410642,104,Pheasant,247,403,1002
419601,104,Pheasant,244,410,1002
435293,104,Pheasant,243,401,1002
437662,104,Pheasant,281,405,1002
405773,304,Turtledove,238,418,1002
428116,304,Turtledove,239,426,1002
442088,104,Pheasant,243,416,1002
410406,304,Turtledove,237,426,1002
401107,104,Pheasant,245,414,1002
429071,104,Pheasant,245,412,1002
416226,104,Pheasant,287,414,1002
440279,104,Pheasant,231,403,1002
418798,104,Pheasant,225,382,1002
418672,104,Pheasant,226,381,1002
427857,104,Pheasant,229,390,1002
433315,104,Pheasant,233,393,1002
414325,104,Pheasant,233,389,1002
439939,508,HeavyGhostL23,196,402,1002
405076,104,Pheasant,254,419,1002
432663,304,Turtledove,258,431,1002
413712,104,Pheasant,275,426,1002
430637,304,Turtledove,272,430,1002
429572,304,Turtledove,274,428,1002
416783,304,Turtledove,274,426,1002
415025,104,Pheasant,285,424,1002
430185,104,Pheasant,281,431,1002
435735,104,Pheasant,285,431,1002
418243,304,Turtledove,284,422,1002
402142,104,Pheasant,290,405,1002
423616,104,Pheasant,288,423,1002
402449,104,Pheasant,291,410,1002
436916,104,Pheasant,294,408,1002
436934,104,Pheasant,291,418,1002
401527,104,Pheasant,291,425,1002
425472,104,Pheasant,295,414,1002
408291,304,Turtledove,298,442,1002
407308,304,Turtledove,305,448,1002
405814,304,Turtledove,283,432,1002
416247,304,Turtledove,277,433,1002
400928,104,Pheasant,320,432,1002
428975,304,Turtledove,283,436,1002
420595,304,Turtledove,281,436,1002
407451,304,Turtledove,270,437,1002
424707,104,Pheasant,316,415,1002
428720,104,Pheasant,317,419,1002
405526,104,Pheasant,315,417,1002
425784,104,Pheasant,311,427,1002
417102,104,Pheasant,322,445,1002
405685,104,Pheasant,312,434,1002
405960,304,Turtledove,291,446,1002
433835,304,Turtledove,294,448,1002
423882,304,Turtledove,292,447,1002
410859,304,Turtledove,289,444,1002
432253,304,Turtledove,289,446,1002
413606,104,Pheasant,325,440,1002
420936,104,Pheasant,326,440,1002
424739,304,Turtledove,320,453,1002
420570,304,Turtledove,305,459,1002
416276,304,Turtledove,298,450,1002
422765,304,Turtledove,300,459,1002
432947,304,Turtledove,295,451,1002
415906,304,Turtledove,289,451,1002
433726,304,Turtledove,288,452,1002
426005,104,Pheasant,331,434,1002
423623,304,Turtledove,331,454,1002
424857,304,Turtledove,337,450,1002
415555,104,Pheasant,341,450,1002
430619,304,Turtledove,307,468,1002
417621,304,Turtledove,298,473,1002
416151,304,Turtledove,305,470,1002
422211,304,Turtledove,296,462,1002
432878,304,Turtledove,293,467,1002
416364,304,Turtledove,288,463,1002
438003,304,Turtledove,340,467,1002
436373,304,Turtledove,327,465,1002
410300,304,Turtledove,339,469,1002
422399,304,Turtledove,312,476,1002
407740,304,Turtledove,291,478,1002
407439,304,Turtledove,288,478,1002
435043,304,Turtledove,330,477,1002
426533,304,Turtledove,335,481,1002
414893,304,Turtledove,330,484,1002
422177,304,Turtledove,316,488,1002
406373,304,Turtledove,345,460,1002
431297,304,Turtledove,347,467,1002
404383,304,Turtledove,349,466,1002
411137,304,Turtledove,350,466,1002
407290,304,Turtledove,351,465,1002
428336,304,Turtledove,348,454,1002
440075,304,Turtledove,343,453,1002
417546,304,Turtledove,350,475,1002
426203,304,Turtledove,345,474,1002
440261,304,Turtledove,347,472,1002
439157,304,Turtledove,347,469,1002
401000,304,Turtledove,344,468,1002
405122,304,Turtledove,356,461,1002
405887,304,Turtledove,354,456,1002
434845,304,Turtledove,353,467,1002
440393,304,Turtledove,357,485,1002
438876,304,Turtledove,365,473,1002
409541,304,Turtledove,372,485,1002
404341,304,Turtledove,378,503,1002
425268,304,Turtledove,377,483,1002
438958,304,Turtledove,397,490,1002
441268,304,Turtledove,401,491,1002
434326,304,Turtledove,396,490,1002
438510,304,Turtledove,399,490,1002
427124,304,Turtledove,397,489,1002
438169,304,Turtledove,396,489,1002
436707,104,Pheasant,347,446,1002
411626,304,Turtledove,343,449,1002
419946,104,Pheasant,341,437,1002
421368,304,Turtledove,308,439,1002
439515,304,Turtledove,288,438,1002
417646,304,Turtledove,289,503,1002
440902,304,Turtledove,287,487,1002
441722,304,Turtledove,279,484,1002
415508,304,Turtledove,284,468,1002
406246,304,Turtledove,281,453,1002
429341,304,Turtledove,285,466,1002
424211,304,Turtledove,285,467,1002
401873,304,Turtledove,292,488,1002
438515,304,Turtledove,279,474,1002
419425,304,Turtledove,278,481,1002
412078,304,Turtledove,276,456,1002
435286,304,Turtledove,279,460,1002
436217,304,Turtledove,278,450,1002
432118,304,Turtledove,260,498,1002
406421,304,Turtledove,285,512,1002
429330,304,Turtledove,284,509,1002
438007,304,Turtledove,264,511,1002
428349,304,Turtledove,265,480,1002
412158,304,Turtledove,293,506,1002
438221,304,Turtledove,261,489,1002
407293,304,Turtledove,259,478,1002
427908,304,Turtledove,297,520,1002
411358,304,Turtledove,290,520,1002
418782,304,Turtledove,281,528,1002
410962,304,Turtledove,282,527,1002
432521,304,Turtledove,276,524,1002
436045,304,Turtledove,264,527,1002
404868,304,Turtledove,253,496,1002
413263,304,Turtledove,253,492,1002
441534,304,Turtledove,291,522,1002
411764,304,Turtledove,291,526,1002
412225,304,Turtledove,291,529,1002
429121,304,Turtledove,286,537,1002
439797,304,Turtledove,270,536,1002
440544,304,Turtledove,281,539,1002
408797,304,Turtledove,276,540,1002
436819,304,Turtledove,286,550,1002
438693,304,Turtledove,283,543,1002
440470,304,Turtledove,284,545,1002
406095,304,Turtledove,276,551,1002
435953,304,Turtledove,277,558,1002
410931,304,Turtledove,276,563,1002
435108,304,Turtledove,279,568,1002
434892,304,Turtledove,282,569,1002
440761,304,Turtledove,291,533,1002
429559,304,Turtledove,293,541,1002
415183,304,Turtledove,299,534,1002
411254,304,Turtledove,315,540,1002
407849,304,Turtledove,310,547,1002
425920,304,Turtledove,311,556,1002
410405,304,Turtledove,315,557,1002
419645,304,Turtledove,321,552,1002
410323,304,Turtledove,319,555,1002
439375,304,Turtledove,318,556,1002
407720,304,Turtledove,315,518,1002
417395,304,Turtledove,320,517,1002
414177,304,Turtledove,324,510,1002
436298,304,Turtledove,334,520,1002
415378,304,Turtledove,340,518,1002
435473,304,Turtledove,328,544,1002
406563,304,Turtledove,343,507,1002
434635,104,Pheasant,380,398,1002
423689,304,Turtledove,364,509,1002
413290,304,Turtledove,374,513,1002
413583,304,Turtledove,362,520,1002
402560,304,Turtledove,355,508,1002
417874,304,Turtledove,354,519,1002
405275,304,Turtledove,347,506,1002
409787,304,Turtledove,279,448,1002
405983,304,Turtledove,275,448,1002
414720,304,Turtledove,280,447,1002
411521,304,Turtledove,250,487,1002
429114,304,Turtledove,249,498,1002
441357,304,Turtledove,247,497,1002
411220,304,Turtledove,248,500,1002
411567,304,Turtledove,250,482,1002
421361,304,Turtledove,251,484,1002
419123,304,Turtledove,249,480,1002
430182,304,Turtledove,244,495,1002
437542,304,Turtledove,245,494,1002
412268,304,Turtledove,237,493,1002
404878,304,Turtledove,246,495,1002
433907,304,Turtledove,246,494,1002
410611,304,Turtledove,237,491,1002
440819,304,Turtledove,266,458,1002
421885,304,Turtledove,263,462,1002
429336,304,Turtledove,276,457,1002
412325,304,Turtledove,231,474,1002
428979,304,Turtledove,229,483,1002
422718,304,Turtledove,223,450,1002
429474,304,Turtledove,226,439,1002
407086,304,Turtledove,225,436,1002
439010,304,Turtledove,261,454,1002
420487,304,Turtledove,261,453,1002
440901,304,Turtledove,262,451,1002
416545,304,Turtledove,220,440,1002
405626,304,Turtledove,223,492,1002
428570,304,Turtledove,223,488,1002
441984,508,HeavyGhostL23,213,488,1002
400725,108,Apparition,202,488,1002
441979,508,HeavyGhostL23,213,457,1002
411239,304,Turtledove,223,498,1002
440048,108,Apparition,201,477,1002
440792,508,HeavyGhostL23,193,481,1002
401248,108,Apparition,186,478,1002
414225,508,HeavyGhostL23,195,468,1002
406323,108,Apparition,190,454,1002
400010,508,HeavyGhostL23,181,462,1002
441619,508,HeavyGhostL23,194,459,1002
432890,508,HeavyGhostL23,179,461,1002
413483,508,HeavyGhostL23,172,458,1002
432739,508,HeavyGhostL23,174,456,1002
433345,108,Apparition,207,443,1002
441429,508,HeavyGhostL23,157,441,1002
422324,108,Apparition,151,439,1002
439848,508,HeavyGhostL23,153,426,1002
426965,508,HeavyGhostL23,150,427,1002
417485,508,HeavyGhostL23,156,431,1002
441858,508,HeavyGhostL23,164,430,1002
406096,108,Apparition,195,434,1002
410337,108,Apparition,157,424,1002
416617,508,HeavyGhostL23,157,421,1002
433161,108,Apparition,157,426,1002
419930,508,HeavyGhostL23,157,429,1002
439938,508,HeavyGhostL23,155,420,1002
409626,108,Apparition,189,421,1002
406058,508,HeavyGhostL23,132,414,1002
406365,108,Apparition,129,419,1002
437739,108,Apparition,131,419,1002
412371,508,HeavyGhostL23,158,419,1002
429622,108,Apparition,172,413,1002
421527,108,Apparition,133,424,1002
436694,108,Apparition,140,423,1002
435432,108,Apparition,136,429,1002
439492,508,HeavyGhostL23,136,425,1002
400932,508,HeavyGhostL23,134,420,1002
408777,108,Apparition,131,410,1002
433672,508,HeavyGhostL23,127,412,1002
403068,108,Apparition,130,412,1002
421973,108,Apparition,123,414,1002
416478,108,Apparition,125,415,1002
440885,108,Apparition,122,411,1002
430643,108,Apparition,134,388,1002
432962,508,HeavyGhostL23,156,379,1002
430693,108,Apparition,138,380,1002
433877,108,Apparition,154,396,1002
405888,108,Apparition,162,380,1002
416305,508,HeavyGhostL23,169,374,1002
436628,108,Apparition,172,376,1002
401306,108,Apparition,178,385,1002
439007,508,HeavyGhostL23,185,395,1002
407416,508,HeavyGhostL23,192,386,1002
429654,508,HeavyGhostL23,175,397,1002
401133,108,Apparition,187,396,1002
442184,508,HeavyGhostL23,185,412,1002
404526,108,Apparition,169,407,1002
422160,108,Apparition,213,426,1002
433982,304,Turtledove,221,430,1002
410774,304,Turtledove,230,430,1002
421022,304,Turtledove,241,436,1002
412007,304,Turtledove,240,434,1002
409825,508,HeavyGhostL23,193,445,1002
420149,304,Turtledove,229,449,1002
416386,304,Turtledove,243,447,1002
440504,304,Turtledove,254,441,1002
438282,304,Turtledove,267,444,1002
403167,304,Turtledove,259,445,1002
404223,304,Turtledove,266,442,1002
418492,304,Turtledove,256,443,1002
428491,104,Pheasant,250,410,1002
441435,508,HeavyGhostL23,208,366,1002
432473,108,Poltergeist,95,329,1002
420799,108,Poltergeist,103,335,1002
400809,901,GuardS,413,353,1002
411278,108,Poltergeist,91,337,1002
413342,108,Poltergeist,97,337,1002
405493,108,Poltergeist,98,328,1002
415622,108,Poltergeist,97,331,1002
427038,108,Poltergeist,90,330,1002
402336,108,Poltergeist,93,334,1002
400808,901,GuardS,463,332,1002
406381,108,Poltergeist,80,325,1002
406032,108,Poltergeist,85,332,1002
439324,108,Poltergeist,85,325,1002
423418,901,GuardS,962,562,1002
423419,901,GuardS,53,396,1002
430691,108,Poltergeist,75,322,1002
421136,108,Poltergeist,82,323,1002
416098,508,HeavyGhostL23,82,312,1002
426187,508,HeavyGhostL23,87,315,1002
413615,508,HeavyGhostL23,84,306,1002
426977,108,Poltergeist,98,314,1002
406652,508,HeavyGhostL23,90,308,1002
411461,108,Poltergeist,100,312,1002
435752,108,Poltergeist,97,311,1002
435118,508,HeavyGhostL23,93,312,1002
405678,108,Poltergeist,97,323,1002
406565,108,Poltergeist,102,308,1002
439468,108,Poltergeist,100,310,1002
401697,108,Poltergeist,63,306,1002
422752,508,HeavyGhostL23,70,310,1002
427787,508,HeavyGhostL23,81,305,1002
440984,108,Poltergeist,105,299,1002
434615,108,Poltergeist,99,304,1002
418236,108,Poltergeist,90,305,1002
406989,508,HeavyGhostL23,74,309,1002
418518,508,HeavyGhostL23,81,310,1002
429864,108,Poltergeist,86,302,1002
402182,508,HeavyGhostL23,84,303,1002
426039,508,HeavyGhostL23,83,301,1002
442008,108,Poltergeist,100,302,1002
404525,508,HeavyGhostL23,90,303,1002
414383,108,Poltergeist,92,301,1002
435730,108,Poltergeist,108,300,1002
430526,108,Poltergeist,102,299,1002
441094,108,Poltergeist,84,292,1002
432152,108,Poltergeist,73,288,1002
421313,508,HeavyGhostL23,80,273,1002
408566,308,BattleGhost,79,276,1002
401187,508,HeavyGhostL23,76,287,1002
436110,108,Poltergeist,69,289,1002
407365,108,Poltergeist,68,281,1002
413601,108,Poltergeist,65,284,1002
431640,508,HeavyGhostL23,91,280,1002
405060,108,Poltergeist,62,272,1002
424502,508,HeavyGhostL23,62,275,1002
428599,108,Poltergeist,61,300,1002
422036,108,Poltergeist,66,268,1002
430987,508,HeavyGhostL23,67,266,1002
428683,108,Poltergeist,64,266,1002
427211,508,HeavyGhostL23,69,269,1002
415604,108,Poltergeist,71,264,1002
410313,108,Poltergeist,67,248,1002
411755,108,Poltergeist,67,256,1002
425374,108,Poltergeist,63,254,1002
414130,508,HeavyGhostL23,71,258,1002
437209,508,HeavyGhostL23,74,245,1002
429257,508,HeavyGhostL23,76,243,1002
429951,108,Poltergeist,72,246,1002
405203,108,Poltergeist,65,244,1002
442032,508,HeavyGhostL23,70,240,1002
409649,108,Poltergeist,63,246,1002
411619,508,HeavyGhostL23,61,241,1002
423733,508,HeavyGhostL23,70,244,1002
428649,108,Poltergeist,70,242,1002
420098,108,Poltergeist,93,263,1002
436547,108,Poltergeist,96,274,1002
435414,108,Poltergeist,91,272,1002
440437,104,Pheasant,238,395,1002
427302,104,Pheasant,252,417,1002
427090,304,Turtledove,259,436,1002
419982,304,Turtledove,256,434,1002
406506,304,Turtledove,261,439,1002
414189,304,Turtledove,261,506,1002
418796,304,Turtledove,317,564,1002
422655,304,Turtledove,316,564,1002
400719,304,Turtledove,315,569,1002
415511,304,Turtledove,311,558,1002
405219,304,Turtledove,312,566,1002
429859,304,Turtledove,318,562,1002
438234,304,Turtledove,329,547,1002
422677,304,Turtledove,328,548,1002
422109,304,Turtledove,326,551,1002
422267,304,Turtledove,326,558,1002
403574,304,Turtledove,324,559,1002
421251,304,Turtledove,334,549,1002
415005,304,Turtledove,335,553,1002
431271,304,Turtledove,279,453,1002
430315,304,Turtledove,278,441,1002
402479,304,Turtledove,346,524,1002
417627,304,Turtledove,356,523,1002
430384,304,Turtledove,349,526,1002
408401,304,Turtledove,343,522,1002
436504,304,Turtledove,356,524,1002
430583,304,Turtledove,342,526,1002
413696,304,Turtledove,334,560,1002
419790,304,Turtledove,339,560,1002
436447,304,Turtledove,337,566,1002
438082,304,Turtledove,320,586,1002
442211,304,Turtledove,322,584,1002
423959,304,Turtledove,316,588,1002
407561,304,Turtledove,325,585,1002
428497,304,Turtledove,330,584,1002
403238,304,Turtledove,312,591,1002
402306,304,Turtledove,348,570,1002
407604,304,Turtledove,348,574,1002
410854,304,Turtledove,354,569,1002
421255,304,Turtledove,355,576,1002
422268,304,Turtledove,347,591,1002
422976,304,Turtledove,372,567,1002
411469,304,Turtledove,362,560,1002
431539,304,Turtledove,360,559,1002
438202,304,Turtledove,360,558,1002
402696,304,Turtledove,361,587,1002
431035,304,Turtledove,360,577,1002
423006,304,Turtledove,362,594,1002
430452,304,Turtledove,356,583,1002
416695,304,Turtledove,358,579,1002
426070,304,Turtledove,352,554,1002
438354,304,Turtledove,364,561,1002
434640,304,Turtledove,342,562,1002
402691,304,Turtledove,352,549,1002
439139,304,Turtledove,347,551,1002
422033,304,Turtledove,350,552,1002
433065,304,Turtledove,358,552,1002
421435,304,Turtledove,343,535,1002
421178,304,Turtledove,347,532,1002
433845,132,Robin,401,569,1002
428942,132,Robin,428,567,1002
413494,132,Robin,424,571,1002
437904,132,Robin,411,578,1002
406660,132,Robin,413,576,1002
427289,304,Turtledove,369,587,1002
440813,132,Robin,403,604,1002
414680,132,Robin,399,604,1002
415035,132,Robin,407,603,1002
413190,132,Robin,399,598,1002
420736,132,Robin,402,606,1002
411270,132,Robin,396,608,1002
428796,132,Robin,396,606,1002
406764,132,Robin,413,615,1002
421466,132,Robin,400,630,1002
417913,132,Robin,387,630,1002
417657,132,Robin,416,599,1002
403205,132,Robin,424,602,1002
429144,132,Robin,426,639,1002
425434,132,Robin,432,584,1002
410311,132,Robin,442,591,1002
410299,132,Robin,432,589,1002
415840,132,Robin,431,600,1002
404568,132,Robin,430,601,1002
403282,132,Robin,435,601,1002
440397,132,Robin,441,583,1002
433123,132,Robin,442,590,1002
435330,132,Robin,443,587,1002
400652,132,Robin,438,604,1002
409644,132,Robin,437,613,1002
435249,132,Robin,421,579,1002
423297,132,Robin,455,583,1002
432574,132,Robin,423,576,1002
413145,132,Robin,470,602,1002
406586,132,Robin,471,607,1002
415214,132,Robin,471,610,1002
405081,132,Robin,472,600,1002
407104,132,Robin,453,619,1002
425914,132,Robin,476,608,1002
415862,132,Robin,474,611,1002
406618,132,Robin,484,610,1002
426892,132,Robin,482,612,1002
425698,132,Robin,481,630,1002
432844,132,Robin,465,627,1002
408866,132,Robin,440,632,1002
416718,132,Robin,427,646,1002
415300,132,Robin,426,651,1002
428386,132,Robin,425,650,1002
417022,132,Robin,410,656,1002
405052,132,Robin,412,658,1002
415462,132,Robin,408,651,1002
405818,132,Robin,406,650,1002
430359,132,Robin,404,649,1002
418704,132,Robin,398,648,1002
434882,132,Robin,438,646,1002
414850,132,Robin,444,650,1002
415502,132,Robin,445,651,1002
427888,132,Robin,406,640,1002
403958,132,Robin,436,657,1002
428935,132,Robin,423,661,1002
417696,132,Robin,431,661,1002
428456,132,Robin,396,643,1002
404344,132,Robin,387,652,1002
416209,132,Robin,395,662,1002
420465,132,Robin,393,636,1002
430206,132,Robin,393,643,1002
404113,132,Robin,386,639,1002
428889,132,Robin,393,642,1002
418241,132,Robin,394,646,1002
405722,132,Robin,392,641,1002
435770,132,Robin,392,645,1002
432376,132,Robin,395,640,1002
438080,132,Robin,376,649,1002
435188,132,Robin,382,640,1002
420198,132,Robin,380,647,1002
424509,132,Robin,395,676,1002
426059,132,Robin,397,682,1002
435125,132,Robin,391,684,1002
414844,132,Robin,407,679,1002
413265,132,Robin,411,687,1002
415919,132,Robin,407,685,1002
429497,132,Robin,409,692,1002
429298,132,Robin,401,693,1002
418719,132,Robin,413,694,1002
400754,132,Robin,412,687,1002
430317,132,Robin,413,672,1002
404930,132,Robin,417,672,1002
424689,132,Robin,420,673,1002
405639,132,Robin,415,674,1002
413338,132,Robin,419,679,1002
417095,132,Robin,414,681,1002
426170,132,Robin,427,704,1002
406708,132,Robin,421,683,1002
431379,132,Robin,424,672,1002
438092,132,Robin,430,675,1002
401126,132,Robin,426,686,1002
435215,132,Robin,430,697,1002
439563,132,Robin,431,690,1002
419494,132,Robin,425,693,1002
435590,132,Robin,427,708,1002
422506,132,Robin,431,710,1002
421147,132,Robin,447,711,1002
422919,132,Robin,444,714,1002
424634,132,Robin,438,681,1002
413272,132,Robin,436,692,1002
441338,132,Robin,438,689,1002
427499,132,Robin,435,696,1002
405236,132,Robin,440,706,1002
435636,132,Robin,444,671,1002
413760,132,Robin,449,671,1002
417781,132,Robin,455,664,1002
404053,132,Robin,458,678,1002
423303,132,Robin,452,674,1002
406306,132,Robin,487,615,1002
437179,132,Robin,486,616,1002
435100,132,Robin,505,619,1002
422201,132,Robin,505,639,1002
413274,132,Robin,507,642,1002
415935,132,Robin,507,661,1002
414603,132,Robin,520,661,1002
407049,132,Robin,511,671,1002
402921,132,Robin,491,676,1002
413239,132,Robin,501,673,1002
413668,132,Robin,489,680,1002
400657,132,Robin,486,679,1002
418483,132,Robin,470,677,1002
416038,132,Robin,518,673,1002
432750,132,Robin,509,677,1002
426875,132,Robin,506,680,1002
413745,132,Robin,504,681,1002
438277,132,Robin,487,690,1002
413275,132,Robin,492,686,1002
415548,132,Robin,495,684,1002
435837,132,Robin,478,685,1002
430598,132,Robin,512,689,1002
418350,132,Robin,509,693,1002
426812,132,Robin,515,684,1002
412292,132,Robin,513,690,1002
438545,132,Robin,507,689,1002
436923,132,Robin,521,690,1002
413082,132,Robin,489,695,1002
406983,132,Robin,490,698,1002
435479,132,Robin,499,700,1002
407063,132,Robin,503,693,1002
421904,132,Robin,478,696,1002
429694,132,Robin,481,701,1002
423121,132,Robin,504,697,1002
415549,132,Robin,513,693,1002
425071,132,Robin,517,693,1002
438800,132,Robin,518,697,1002
432826,132,Robin,516,701,1002
425924,132,Robin,490,706,1002
413660,132,Robin,477,706,1002
425184,132,Robin,476,708,1002
431698,132,Robin,518,711,1002
414512,132,Robin,472,737,1002
429010,132,Robin,472,723,1002
420303,132,Robin,517,716,1002
411976,132,Robin,504,717,1002
406368,132,Robin,505,722,1002
421035,132,Robin,501,715,1002
426641,132,Robin,497,716,1002
415939,132,Robin,457,726,1002
429691,132,Robin,464,725,1002
412322,132,Robin,457,734,1002
437796,132,Robin,458,704,1002
408266,132,Robin,462,716,1002
413790,132,Robin,461,710,1002
419074,132,Robin,455,741,1002
439342,132,Robin,458,739,1002
428573,132,Robin,447,738,1002
405606,132,Robin,449,720,1002
422635,132,Robin,449,704,1002
439369,132,Robin,451,718,1002
414174,132,Robin,456,718,1002
402032,132,Robin,455,703,1002
402289,132,Robin,454,703,1002
430570,132,Robin,450,710,1002
416076,132,Robin,462,745,1002
441449,132,Robin,447,736,1002
404670,132,Robin,445,730,1002
415983,132,Robin,444,725,1002
415333,132,Robin,437,725,1002
420506,132,Robin,478,761,1002
442081,132,Robin,469,760,1002
413405,132,Robin,511,786,1002
404434,132,Robin,526,779,1002
423416,901,GuardS,551,959,1002
423417,901,GuardS,61,468,1002
437324,132,Robin,450,703,1002
432180,132,Robin,526,693,1002
410849,132,Robin,527,705,1002
413085,132,Robin,524,719,1002
406026,132,Robin,537,730,1002
418238,132,Robin,533,684,1002
432023,132,Robin,539,701,1002
422524,132,Robin,542,729,1002
427107,132,Robin,530,716,1002
430219,132,Robin,549,696,1002
426838,132,Robin,554,690,1002
439124,132,Robin,554,704,1002
415527,132,Robin,569,685,1002
405383,132,Robin,559,698,1002
428444,132,Robin,569,698,1002
416435,132,Robin,565,698,1002
417400,132,Robin,563,717,1002
400671,132,Robin,568,710,1002
422489,132,Robin,563,727,1002
431509,132,Robin,565,729,1002
400031,132,Robin,568,725,1002
440278,132,Robin,541,738,1002
400135,132,Robin,546,738,1002
436871,132,Robin,573,747,1002
418539,132,Robin,567,748,1002
425601,132,Robin,542,756,1002
422336,132,Robin,561,774,1002
423387,132,Robin,581,758,1002
434463,132,Robin,577,767,1002
403553,132,Robin,591,737,1002
418565,132,Robin,591,729,1002
406334,132,Robin,587,730,1002
408737,132,Robin,604,730,1002
403071,132,Robin,600,713,1002
406696,132,Robin,607,707,1002
422492,132,Robin,618,703,1002
431446,132,Robin,620,709,1002
418805,132,Robin,626,710,1002
425455,132,Robin,618,711,1002
404114,132,Robin,617,727,1002
441283,132,Robin,623,720,1002
415999,132,Robin,585,707,1002
428401,132,Robin,614,701,1002
405153,132,Robin,591,688,1002
402300,132,Robin,628,697,1002
407770,132,Robin,639,697,1002
440210,132,Robin,640,699,1002
407702,132,Robin,630,704,1002
416769,132,Robin,630,710,1002
442143,132,Robin,630,702,1002
407116,132,Robin,644,691,1002
433632,132,Robin,653,677,1002
439418,132,Robin,622,679,1002
424261,132,Robin,641,679,1002
430165,132,Robin,636,676,1002
430575,132,Robin,629,670,1002
432228,108,Apparition,673,654,1002
404296,508,HeavyGhostL23,672,656,1002
428810,132,Robin,667,676,1002
428547,508,HeavyGhostL23,641,641,1002
403257,108,Apparition,622,639,1002
425133,108,Apparition,622,641,1002
437913,132,Robin,587,689,1002
402404,132,Robin,576,687,1002
416118,132,Robin,584,684,1002
402388,132,Robin,580,691,1002
410844,132,Robin,580,687,1002
414488,132,Robin,552,681,1002
401977,132,Robin,549,680,1002
440287,132,Robin,549,679,1002
426076,132,Robin,556,681,1002
434585,132,Robin,546,683,1002
411959,132,Robin,566,678,1002
424251,132,Robin,572,672,1002
406614,132,Robin,567,682,1002
408760,132,Robin,568,680,1002
432803,132,Robin,575,677,1002
425756,132,Robin,578,675,1002
419382,132,Robin,584,675,1002
428774,132,Robin,580,681,1002
431641,132,Robin,583,677,1002
417236,132,Robin,576,674,1002
406977,132,Robin,576,682,1002
429637,132,Robin,584,683,1002
414819,132,Robin,584,672,1002
409703,108,Apparition,598,675,1002
410374,132,Robin,596,669,1002
426813,132,Robin,596,673,1002
440378,132,Robin,564,671,1002
436412,108,Apparition,601,660,1002
423291,108,Apparition,582,650,1002
437954,108,Apparition,590,647,1002
425767,508,HeavyGhostL23,577,647,1002
401418,108,Apparition,576,630,1002
417214,132,Robin,532,673,1002
407722,132,Robin,532,680,1002
415320,132,Robin,534,680,1002
434454,132,Robin,523,681,1002
406855,132,Robin,517,641,1002
411509,132,Robin,519,632,1002
405190,132,Robin,522,640,1002
415553,132,Robin,526,657,1002
413273,132,Robin,531,631,1002
416140,132,Robin,521,626,1002
405191,132,Robin,523,629,1002
406930,108,Apparition,551,626,1002
408317,508,HeavyGhostL23,540,639,1002
435467,132,Robin,522,623,1002
428726,508,HeavyGhostL23,552,617,1002
432188,308,BattleGhost,545,605,1002
405825,132,Robin,503,599,1002
406086,132,Robin,499,590,1002
416025,132,Robin,519,582,1002
423678,132,Robin,488,606,1002
423410,132,Robin,472,602,1002
423184,132,Robin,478,583,1002
433084,132,Robin,448,685,1002
408812,132,Robin,448,687,1002
417520,108,Apparition,556,590,1002
432765,108,GhostKing,539,571,1002
435834,108,Apparition,539,567,1002
435948,108,Apparition,538,575,1002
416237,108,Apparition,542,571,1002
442164,108,Apparition,554,570,1002
417506,108,Apparition,557,570,1002
405890,108,Apparition,542,550,1002
400772,508,HeavyGhostL23,560,556,1002
415008,108,Apparition,558,555,1002
427598,108,Apparition,558,582,1002
436996,508,HeavyGhostL23,573,546,1002
423330,108,Apparition,547,532,1002
406632,108,Apparition,591,566,1002
439788,508,HeavyGhostL23,568,551,1002
422942,508,HeavyGhostL23,590,571,1002
416446,108,Apparition,583,569,1002
411448,108,Apparition,591,574,1002
407729,108,Apparition,587,580,1002
431673,108,Apparition,593,586,1002
409549,108,Apparition,576,581,1002
427139,108,Apparition,596,587,1002
404953,108,Apparition,588,589,1002
421202,108,Apparition,577,597,1002
407663,108,Apparition,595,607,1002
407312,108,Apparition,599,607,1002
413219,108,Apparition,576,611,1002
410688,108,Apparition,598,612,1002
418553,108,Apparition,578,614,1002
413511,508,HeavyGhostL23,581,626,1002
408421,108,Apparition,583,621,1002
422334,108,Apparition,592,615,1002
438685,108,Apparition,596,577,1002
435475,108,Apparition,594,616,1002
404175,108,Apparition,593,636,1002
400007,108,Apparition,582,628,1002
422646,108,Apparition,632,629,1002
416473,508,HeavyGhostL23,651,616,1002
429624,508,HeavyGhostL23,652,626,1002
430961,108,Apparition,692,640,1002
414509,108,Apparition,689,640,1002
417357,108,Apparition,689,642,1002
421974,108,Apparition,686,647,1002
413551,508,HeavyGhostL23,673,618,1002
418689,108,Apparition,671,625,1002
418800,108,Apparition,699,624,1002
440382,108,Apparition,699,614,1002
417180,108,Apparition,707,619,1002
415850,508,HeavyGhostL23,711,621,1002
405916,108,Apparition,707,606,1002
401173,108,Apparition,669,606,1002
416327,108,Apparition,683,601,1002
440370,108,Apparition,695,605,1002
400708,508,HeavyGhostL23,701,599,1002
420757,508,HeavyGhostL23,695,599,1002
433916,108,Apparition,642,576,1002
432470,508,HeavyGhostL23,675,580,1002
408875,108,Apparition,629,572,1002
410403,108,Apparition,614,573,1002
412319,508,HeavyGhostL23,644,574,1002
425276,508,HeavyGhostL23,664,573,1002
403673,108,Apparition,638,568,1002
441329,108,Apparition,659,567,1002
422539,508,HeavyGhostL23,657,568,1002
429487,108,Apparition,605,527,1002
421383,108,Apparition,577,517,1002
423947,508,HeavyGhostL23,637,522,1002
423604,108,Apparition,647,516,1002
411617,108,Apparition,661,539,1002
413340,108,Apparition,666,541,1002
405730,108,Apparition,673,568,1002
406280,508,HeavyGhostL23,673,572,1002
402339,508,HeavyGhostL23,673,574,1002
406677,508,HeavyGhostL23,679,574,1002
437301,108,Apparition,675,577,1002
414562,108,Apparition,682,541,1002
427305,108,Apparition,682,553,1002
437344,508,HeavyGhostL23,697,584,1002
428190,108,Apparition,695,558,1002
404291,108,Apparition,702,588,1002
421283,108,Apparition,702,582,1002
439721,108,Apparition,708,591,1002
414775,508,HeavyGhostL23,716,577,1002
414815,108,Apparition,719,592,1002
430180,108,Apparition,734,585,1002
405845,108,Apparition,727,578,1002
437725,108,Apparition,720,612,1002
419897,108,Apparition,745,588,1002
433986,108,Apparition,738,590,1002
427239,108,Apparition,741,592,1002
402950,508,HeavyGhostL23,743,589,1002
403605,108,Apparition,740,588,1002
431504,508,HeavyGhostL23,748,584,1002
425269,508,HeavyGhostL23,740,578,1002
405047,108,Apparition,738,594,1002
434667,108,Apparition,752,585,1002
437015,508,HeavyGhostL23,714,568,1002
413499,108,Apparition,703,571,1002
423016,108,Apparition,717,559,1002
421766,108,Apparition,711,542,1002
424341,108,Apparition,707,543,1002
422209,508,HeavyGhostL23,722,554,1002
414564,108,Apparition,726,551,1002
433833,508,HeavyGhostL23,700,549,1002
406900,108,Apparition,688,549,1002
413492,108,Apparition,689,552,1002
415175,108,Apparition,713,547,1002
421801,108,Apparition,715,541,1002
415154,108,Apparition,717,544,1002
407805,108,Apparition,719,541,1002
429093,108,Apparition,723,544,1002
415467,508,HeavyGhostL23,733,546,1002
409686,508,HeavyGhostL23,678,527,1002
426023,108,Apparition,679,539,1002
435339,508,HeavyGhostL23,686,530,1002
401310,108,Apparition,714,535,1002
441263,108,Apparition,714,538,1002
431481,108,Apparition,691,524,1002
422014,108,Apparition,701,522,1002
434628,108,Apparition,708,531,1002
432781,108,Apparition,717,526,1002
434231,108,Apparition,714,529,1002
401393,108,Apparition,712,532,1002
416053,508,HeavyGhostL23,710,533,1002
433295,108,Apparition,668,514,1002
429223,108,Apparition,673,515,1002
415202,508,HeavyGhostL23,668,509,1002
440490,108,Apparition,692,513,1002
439566,108,Apparition,692,508,1002
403517,108,Apparition,686,521,1002
419082,108,Apparition,698,521,1002
405927,508,HeavyGhostL23,658,500,1002
429045,508,HeavyGhostL23,680,486,1002
415059,508,HeavyGhostL23,683,486,1002
412220,108,Apparition,599,467,1002
427783,108,Apparition,628,455,1002
432401,108,Apparition,642,463,1002
427466,508,HeavyGhostL23,630,458,1002
433925,108,Apparition,604,453,1002
410674,108,Apparition,629,450,1002
433560,508,HeavyGhostL23,582,437,1002
410328,108,Apparition,608,437,1002
429009,108,Apparition,573,438,1002
402232,108,Apparition,592,428,1002
403521,108,Apparition,591,421,1002
432382,508,HeavyGhostL23,591,413,1002
427764,108,Apparition,615,399,1002
420233,108,Apparition,644,432,1002
417625,508,HeavyGhostL23,643,436,1002
419839,108,Apparition,641,440,1002
421477,108,Apparition,648,436,1002
415521,108,Apparition,659,463,1002
432427,108,Apparition,656,438,1002
426230,108,Apparition,661,438,1002
419450,108,Apparition,650,436,1002
433645,508,HeavyGhostL23,651,448,1002
421252,108,Apparition,650,433,1002
402983,508,HeavyGhostL23,663,474,1002
422027,108,Apparition,665,442,1002
412383,108,Apparition,671,439,1002
417334,508,HeavyGhostL23,675,463,1002
439820,508,HeavyGhostL23,670,466,1002
431546,508,HeavyGhostL23,678,471,1002
436427,108,Apparition,667,468,1002
420460,108,Apparition,679,432,1002
440080,108,Apparition,683,437,1002
428585,108,Apparition,684,478,1002
441991,108,Apparition,652,428,1002
429640,508,HeavyGhostL23,642,406,1002
405401,508,HeavyGhostL23,647,408,1002
425769,108,Apparition,674,410,1002
408577,508,GrislySpecter,660,397,1002
433293,108,Apparition,609,397,1002
402310,508,HeavyGhostL23,673,399,1002
427036,108,Apparition,683,508,1002
424238,108,Apparition,683,505,1002
440926,108,Apparition,688,505,1002
403538,508,HeavyGhostL23,685,506,1002
400176,108,Apparition,706,491,1002
407112,108,Apparition,704,503,1002
435804,108,Apparition,702,507,1002
409596,108,Apparition,710,515,1002
417705,108,Apparition,714,517,1002
422317,108,Apparition,710,521,1002
435671,108,Apparition,732,537,1002
433700,108,Apparition,723,538,1002
432178,508,HeavyGhostL23,734,536,1002
429448,108,Apparition,721,526,1002
435131,508,HeavyGhostL23,730,524,1002
436853,108,Apparition,722,532,1002
436058,108,Apparition,735,522,1002
436429,108,Apparition,744,523,1002
416143,108,Apparition,746,525,1002
435890,108,Apparition,738,522,1002
437027,108,Apparition,738,524,1002
432363,108,Apparition,742,522,1002
414770,508,HeavyGhostL23,743,540,1002
414596,108,Apparition,750,530,1002
430190,108,Apparition,752,526,1002
427261,108,Apparition,754,536,1002
431317,108,Apparition,753,530,1002
417071,508,HeavyGhostL23,748,523,1002
436770,508,HeavyGhostL23,749,537,1002
419107,108,Apparition,758,535,1002
437473,108,Apparition,756,530,1002
421186,508,HeavyGhostL23,758,568,1002
422950,108,Apparition,758,572,1002
421774,108,Apparition,748,547,1002
432380,108,Apparition,750,543,1002
421530,108,Apparition,767,524,1002
437742,108,Apparition,772,522,1002
407678,108,Apparition,767,554,1002
440930,108,Apparition,771,545,1002
426945,108,Apparition,771,553,1002
428633,508,HeavyGhostL23,773,552,1002
417110,108,Apparition,773,548,1002
406083,108,Apparition,767,562,1002
418663,508,HeavyGhostL23,762,571,1002
431444,508,HeavyGhostL23,765,565,1002
436260,508,HeavyGhostL23,763,566,1002
418907,108,Apparition,749,516,1002
433106,108,Apparition,753,516,1002
409543,108,Apparition,753,508,1002
410692,108,Apparition,754,511,1002
427518,108,Apparition,755,517,1002
423160,108,Apparition,755,506,1002
421311,108,Apparition,767,521,1002
417869,108,Apparition,756,509,1002
407075,108,Apparition,775,522,1002
405541,108,Apparition,735,510,1002
423167,108,Apparition,732,514,1002
427872,108,Apparition,721,516,1002
419860,508,HeavyGhostL23,721,510,1002
403646,108,Apparition,739,514,1002
416021,108,Apparition,746,505,1002
438778,108,Apparition,763,515,1002
405474,108,Apparition,769,513,1002
406072,108,Apparition,767,510,1002
426232,108,Apparition,770,511,1002
419970,508,HeavyGhostL23,764,509,1002
419845,108,Apparition,764,517,1002
413524,108,Apparition,735,505,1002
430795,108,Apparition,733,505,1002
408872,108,Apparition,732,489,1002
426266,108,Apparition,731,502,1002
419581,108,Apparition,749,499,1002
406524,108,Apparition,749,501,1002
411534,108,Apparition,773,502,1002
429546,108,Apparition,758,506,1002
417721,108,Apparition,770,507,1002
406281,108,Apparition,766,493,1002
416109,108,Apparition,737,494,1002
424936,108,Apparition,729,495,1002
437890,108,Apparition,746,491,1002
414930,108,Apparition,749,487,1002
438443,108,Apparition,739,492,1002
401789,108,Apparition,772,492,1002
438109,108,Apparition,765,498,1002
440692,508,HeavyGhostL23,756,496,1002
442112,108,Apparition,772,488,1002
429301,508,HeavyGhostL23,724,477,1002
418771,108,Apparition,737,484,1002
412019,108,Apparition,763,483,1002
441791,508,HeavyGhostL23,765,482,1002
427827,508,HeavyGhostL23,763,478,1002
429744,508,HeavyGhostL23,770,485,1002
436522,108,Apparition,741,474,1002
426542,108,Apparition,766,477,1002
429706,508,HeavyGhostL23,760,476,1002
407750,108,Apparition,777,493,1002
420509,108,Apparition,776,489,1002
423898,508,HeavyGhostL23,774,488,1002
435045,108,Apparition,774,510,1002
423420,901,GuardS,811,518,1002
423421,901,GuardS,812,529,1002
433402,108,Apparition,752,473,1002
402331,108,Apparition,753,470,1002
423255,508,HeavyGhostL23,750,472,1002
431960,508,HeavyGhostL23,748,473,1002
420450,508,HeavyGhostL23,753,468,1002
427398,108,Apparition,743,462,1002
436951,108,Apparition,743,460,1002
402705,508,HeavyGhostL23,740,458,1002
436572,108,Apparition,738,452,1002
426184,108,Apparition,729,472,1002
431757,508,HeavyGhostL23,735,455,1002
424842,108,Apparition,703,452,1002
404948,108,Apparition,719,458,1002
402225,108,Apparition,731,443,1002
422319,508,HeavyGhostL23,716,440,1002
413118,508,HeavyGhostL23,710,455,1002
438688,108,Apparition,702,425,1002
430199,108,Apparition,692,411,1002
440752,108,Apparition,686,400,1002
436854,508,HeavyGhostL23,642,355,1002
407329,508,HeavyGhostL23,651,390,1002
405379,508,HeavyGhostL23,652,442,1002
424382,508,HeavyGhostL23,639,469,1002
419910,508,HeavyGhostL23,672,482,1002
406474,508,HeavyGhostL23,713,487,1002
412511,508,HeavyGhostL23,715,497,1002
430423,108,Apparition,694,521,1002
430856,108,Apparition,686,536,1002
416188,508,HeavyGhostL23,568,508,1002
414694,108,Apparition,566,508,1002
435392,508,HeavyGhostL23,572,519,1002
419388,108,Apparition,570,504,1002
420169,108,Apparition,572,504,1002
431400,508,HeavyGhostL23,574,510,1002
435962,108,Apparition,574,508,1002
425880,108,Apparition,565,510,1002
423676,108,Apparition,568,505,1002
420325,108,Apparition,621,516,1002
440684,508,HeavyGhostL23,647,491,1002
422948,108,Apparition,621,480,1002
420138,508,HeavyGhostL23,621,415,1002
434505,508,HeavyGhostL23,644,409,1002
423889,104,Pheasant,435,284,1002
438793,104,Pheasant,437,321,1002
440149,104,Pheasant,427,287,1002
425814,104,Pheasant,436,254,1002
432257,104,Pheasant,416,245,1002
432751,104,Pheasant,424,244,1002
432756,104,Pheasant,417,248,1002
417328,104,Pheasant,433,243,1002
433319,104,Pheasant,410,246,1002
403834,104,Pheasant,442,234,1002
432117,104,Pheasant,400,251,1002
434558,901,GuardS,960,552,1002
423420,901,GuardS,560,962,1002
423426,901,GuardS,225,192,1002
423420,901,GuardS,230,197,1002
423426,901,GuardS,455,383,1002
420316,901,GuardS,444,395,1002
423420,901,GuardS,434,395,1002
425810,901,GuardS,509,352,1002
421808,901,GuardS,455,373,1002
423420,901,GuardS,425,353,1002
423520,901,GuardS,435,436,1002
427520,910,Guard2,469,331,1002
428520,910,Guard2,406,392,1002
429520,910,Guard2,440,333,1002
415442,104,Pheasant,341,388,1002
406470,104,Pheasant,296,401,1002
435404,104,Pheasant,338,401,1002
442165,104,Pheasant,338,403,1002
430542,104,Pheasant,339,413,1002
400793,104,Pheasant,345,395,1002
410338,104,Pheasant,357,413,1002
413404,104,Pheasant,360,384,1002
415297,104,Pheasant,365,387,1002
433046,104,Pheasant,378,385,1002
442065,104,Pheasant,381,367,1002
417750,104,Pheasant,384,365,1002
440467,104,Pheasant,387,360,1002
431602,104,Pheasant,401,363,1002
432829,104,Pheasant,377,357,1002
426782,104,Pheasant,375,353,1002
431371,104,Pheasant,378,347,1002
432904,104,Pheasant,379,356,1002
423765,104,Pheasant,401,357,1002
404077,104,Pheasant,402,359,1002
405617,104,Pheasant,387,356,1002
442071,104,Pheasant,389,356,1002
418271,104,Pheasant,382,354,1002
404351,104,Pheasant,386,353,1002
426852,104,Pheasant,397,355,1002
401516,104,Pheasant,405,351,1002
407533,104,Pheasant,368,340,1002
405198,104,Pheasant,369,340,1002
441780,104,Pheasant,382,339,1002
439053,104,Pheasant,373,329,1002
430506,104,Pheasant,371,333,1002
437713,104,Pheasant,387,330,1002
419518,104,Pheasant,394,325,1002
442289,104,Pheasant,272,329,1002
431709,104,Pheasant,273,330,1002
431709,104,Pheasant,274,340,1002
431709,104,Pheasant,275,350,1002
431709,104,Pheasant,277,344,1002
431709,104,Pheasant,278,372,1002
431709,104,Pheasant,279,356,1002
431709,104,Pheasant,280,358,1002
431709,104,Pheasant,281,360,1002
431709,104,Pheasant,282,362,1002
431709,104,Pheasant,283,363,1002
415542,104,Pheasant,331,355,1002
407470,104,Pheasant,333,355,1002
433404,104,Pheasant,329,352,1002
442565,104,Pheasant,331,350,1002
430442,104,Pheasant,333,352,1002
402793,104,Pheasant,340,355,1002
418338,104,Pheasant,338,350,1002
413904,104,Pheasant,331,354,1002
411197,104,Pheasant,331,360,1002
433146,104,Pheasant,331,362,1002
447065,104,Pheasant,331,363,1002
417714,104,Pheasant,320,365,1002
440471,104,Pheasant,310,367,1002
434602,104,Pheasant,310,373,1002
438829,104,Pheasant,309,357,1002
426282,104,Pheasant,308,353,1002
431171,104,Pheasant,307,347,1002
432404,104,Pheasant,300,356,1002
423265,104,Pheasant,295,357,1002
404177,104,Pheasant,300,380,1002
405317,104,Pheasant,295,375,1002
412171,104,Pheasant,290,355,1002
411271,104,Pheasant,287,345,1002
414351,104,Pheasant,286,350,1002
416852,104,Pheasant,286,338,1002
411516,104,Pheasant,305,351,1002
417533,104,Pheasant,270,325,1002
415198,104,Pheasant,260,320,1002
411780,104,Pheasant,250,350,1002
419053,104,Pheasant,350,338,1002
410506,104,Pheasant,354,332,1002
421713,104,Pheasant,387,330,1002
416171,104,Pheasant,350,370,1002
416271,104,Pheasant,350,354,1002
416351,104,Pheasant,320,381,1002
414852,104,Pheasant,310,391,1002
416516,104,Pheasant,265,362,1002
416533,104,Pheasant,270,325,1002
416198,104,Pheasant,260,320,1002
416780,104,Pheasant,250,350,1002
416053,104,Pheasant,350,338,1002
414506,104,Pheasant,354,332,1002
428713,104,Pheasant,387,330,1002