414565,900,Guard1,376,14,1020
414985,900,Guard1,381,10,1020
423186,156,GiantApe,408,65,1020
423177,156,GiantApe,403,73,1020
423191,156,GiantApe,390,76,1020
422284,156,GiantApe,427,83,1020
422282,156,GiantApe,402,98,1020
423189,156,GiantApe,392,97,1020
422295,156,GiantApe,431,92,1020
424296,156,GiantApe,397,105,1020
422296,156,GiantApe,406,116,1020
424291,156,GiantApe,394,118,1020
422287,156,GiantApe,426,120,1020
416420,156,GiantApe,429,113,1020
423188,156,GiantApe,398,127,1020
425304,156,GiantApe,403,123,1020
423172,156,GiantApe,404,137,1020
415441,156,GiantApe,426,134,1020
423170,156,GiantApe,415,135,1020
416418,156,GiantApe,436,114,1020
424305,156,GiantApe,435,122,1020
415442,156,GiantApe,438,122,1020
415440,156,GiantApe,438,108,1020
423190,156,GiantApe,436,135,1020
422298,156,GiantApe,437,144,1020
415444,156,GiantApe,448,114,1020
423179,156,GiantApe,443,140,1020
422302,156,GiantApe,447,139,1020
424294,156,GiantApe,441,152,1020
424300,156,GiantApe,436,164,1020
415443,156,GiantApe,452,130,1020
424297,156,GiantApe,454,115,1020
416419,156,GiantApe,457,126,1020
422285,156,GiantApe,454,156,1020
423194,156,GiantApe,461,154,1020
422303,156,GiantApe,467,153,1020
423183,156,GiantApe,483,113,1020
415439,156,GiantApe,434,105,1020
424302,156,GiantApe,460,101,1020
425302,156,GiantApe,434,95,1020
423187,156,GiantApe,432,90,1020
423173,156,GiantApe,434,86,1020
422290,156,GiantApe,433,72,1020
426282,156,GiantApe,444,73,1020
407580,156,GiantApe,397,90,1020
400993,156,GiantApe,423,101,1020
442486,156,GiantApe,425,123,1020
425305,156,GiantApe,426,167,1020
424304,156,GiantApe,412,171,1020
423193,156,GiantApe,440,166,1020
422301,156,GiantApe,416,183,1020
424287,156,GiantApe,419,180,1020
425301,156,GiantApe,408,180,1020
424303,156,GiantApe,442,197,1020
422293,156,GiantApe,440,190,1020
423171,156,GiantApe,422,191,1020
424289,156,GiantApe,424,188,1020
406632,156,GiantApe,418,194,1020
422299,156,GiantApe,437,200,1020
424286,156,GiantApe,428,197,1020
422254,156,GiantApe,438,221,1020
422251,156,GiantApe,441,221,1020
419537,556,GiantApeL53,435,229,1020
422253,156,GiantApe,435,224,1020
417069,556,GiantApeL53,435,238,1020
418405,556,GiantApeL53,440,236,1020
417079,556,GiantApeL53,443,238,1020
419520,556,GiantApeL53,448,240,1020
421813,156,GiantApe,437,235,1020
422964,556,GiantApeL53,431,239,1020
419672,156,GiantApe,431,234,1020
422252,156,GiantApe,452,230,1020
416346,156,GiantApe,451,237,1020
419525,556,GiantApeL53,462,237,1020
418385,556,GiantApeL53,436,244,1020
414878,556,GiantApeL53,442,245,1020
419669,156,GiantApe,431,253,1020
417310,156,GiantApe,429,263,1020
421793,156,GiantApe,435,261,1020
421815,156,GiantApe,448,258,1020
416074,556,GiantApeL53,441,261,1020
419535,556,GiantApeL53,442,269,1020
420599,156,GiantApe,455,264,1020
421809,156,GiantApe,459,269,1020
422998,156,GiantApe,450,287,1020
418393,556,GiantApeL53,435,266,1020
421728,556,GiantApeL53,436,273,1020
421720,556,GiantApeL53,433,280,1020
420494,556,GiantApeL53,464,278,1020
420589,156,GiantApe,456,287,1020
416067,556,GiantApeL53,436,292,1020
421806,156,GiantApe,440,288,1020
420596,156,GiantApe,430,289,1020
414888,556,GiantApeL53,458,262,1020
419678,156,GiantApe,458,284,1020
419679,156,GiantApe,459,302,1020
420598,156,GiantApe,454,292,1020
421737,556,GiantApeL53,438,300,1020
416058,556,GiantApeL53,440,303,1020
418399,556,GiantApeL53,432,300,1020
440742,196,GiantApeMsgr,428,299,1020
416365,156,GiantApe,441,307,1020
414890,556,GiantApeL53,438,312,1020
419667,156,GiantApe,446,309,1020
418593,156,GiantApe,459,311,1020
406582,196,GiantApeAide,463,308,1020
421718,556,GiantApeL53,440,319,1020
419674,156,GiantApe,442,329,1020
420604,156,GiantApe,436,325,1020
414891,556,GiantApeL53,458,334,1020
417309,156,GiantApe,455,333,1020
421729,556,GiantApeL53,458,340,1020
440679,196,GiantApeAide,452,335,1020
421795,156,GiantApe,455,336,1020
418384,556,GiantApeL53,464,342,1020
442306,196,GiantApeMsgr,443,349,1020
417063,556,GiantApeL53,461,344,1020
415319,156,GiantApe,470,328,1020
418592,156,GiantApe,474,328,1020
420501,556,GiantApeL53,468,339,1020
420516,556,GiantApeL53,474,347,1020
419673,156,GiantApe,444,361,1020
417311,156,GiantApe,484,359,1020
419516,556,GiantApeL53,476,372,1020
420590,156,GiantApe,481,361,1020
418401,556,GiantApeL53,460,357,1020
416064,556,GiantApeL53,477,348,1020
420587,156,GiantApe,480,373,1020
415338,156,GiantApe,466,383,1020
420502,556,GiantApeL53,453,384,1020
415320,156,GiantApe,470,380,1020
419666,156,GiantApe,482,381,1020
418398,556,GiantApeL53,478,381,1020
418391,556,GiantApeL53,481,389,1020
420507,556,GiantApeL53,461,391,1020
418394,556,GiantApeL53,463,393,1020
441835,196,GiantApeMsgr,454,393,1020
414887,556,GiantApeL53,470,394,1020
415331,156,GiantApe,470,402,1020
417322,156,GiantApe,468,397,1020
418610,156,GiantApe,482,404,1020
421726,556,GiantApeL53,483,412,1020
416364,156,GiantApe,475,408,1020
414877,556,GiantApeL53,451,407,1020
418388,556,GiantApeL53,454,406,1020
422997,156,GiantApe,488,367,1020
419529,556,GiantApeL53,492,364,1020
420512,556,GiantApeL53,492,360,1020
416059,556,GiantApeL53,486,362,1020
416355,156,GiantApe,492,389,1020
416368,156,GiantApe,495,406,1020
420603,156,GiantApe,493,409,1020
441784,196,GiantApeAide,487,412,1020
417300,156,GiantApe,496,419,1020
414872,556,GiantApeL53,490,415,1020
421717,556,GiantApeL53,497,414,1020
420595,156,GiantApe,473,412,1020
422970,556,GiantApeL53,470,411,1020
416345,156,GiantApe,502,422,1020
441715,196,GiantApeKing,488,358,1020
421800,156,GiantApe,486,355,1020
416369,156,GiantApe,496,383,1020
417070,556,GiantApeL53,496,390,1020
417058,556,GiantApeL53,500,397,1020
418612,156,GiantApe,496,399,1020
419682,156,GiantApe,502,367,1020
433115,196,GiantApeMsgr,503,360,1020
418604,156,GiantApe,504,372,1020
421810,156,GiantApe,506,383,1020
416347,156,GiantApe,505,408,1020
418606,156,GiantApe,511,402,1020
420607,156,GiantApe,506,401,1020
416359,156,GiantApe,511,381,1020
416363,156,GiantApe,509,391,1020
415337,156,GiantApe,510,407,1020
417077,556,GiantApeL53,516,412,1020
417306,156,GiantApe,514,408,1020
416351,156,GiantApe,518,421,1020
434140,196,GiantApeAide,529,391,1020
417059,556,GiantApeL53,528,416,1020
442642,196,GiantApeAide,524,420,1020
421734,556,GiantApeL53,534,401,1020
420609,156,GiantApe,535,424,1020
417305,156,GiantApe,538,418,1020
416361,156,GiantApe,542,388,1020
438104,196,GiantApeAide,550,394,1020
419519,556,GiantApeL53,546,413,1020
422965,556,GiantApeL53,546,428,1020
415332,156,GiantApe,553,381,1020
420495,556,GiantApeL53,548,385,1020
417060,556,GiantApeL53,549,424,1020
416354,156,GiantApe,559,389,1020
442765,196,GiantApeMsgr,561,392,1020
416069,556,GiantApeL53,561,410,1020
418383,556,GiantApeL53,568,404,1020
418396,556,GiantApeL53,561,426,1020
417066,556,GiantApeL53,560,420,1020
416352,156,GiantApe,565,415,1020
418598,156,GiantApe,567,431,1020
416061,556,GiantApeL53,575,396,1020
420593,156,GiantApe,571,403,1020
411888,196,GiantApeMsgr,569,411,1020
418596,156,GiantApe,583,430,1020
416060,556,GiantApeL53,575,416,1020
421794,156,GiantApe,562,436,1020
419530,556,GiantApeL53,552,434,1020
421799,156,GiantApe,584,401,1020
414873,556,GiantApeL53,580,411,1020
422996,156,GiantApe,583,433,1020
415315,156,GiantApe,592,438,1020
418608,156,GiantApe,590,424,1020
417301,156,GiantApe,595,439,1020
422486,156,GiantApe,597,405,1020
422995,156,GiantApe,598,402,1020
442338,196,GiantApeKing,597,417,1020
419523,556,GiantApeL53,600,416,1020
422488,156,GiantApe,604,399,1020
420606,156,GiantApe,608,421,1020
422487,156,GiantApe,613,396,1020
423169,156,GiantApe,646,433,1020
422275,156,GiantApe,656,434,1020
422260,156,GiantApe,661,453,1020
423168,156,GiantApe,633,450,1020
423160,156,GiantApe,663,415,1020
422273,156,GiantApe,677,458,1020
423157,156,GiantApe,680,416,1020
424276,156,GiantApe,679,420,1020
422263,156,GiantApe,686,420,1020
423242,156,GiantApe,685,425,1020
422277,156,GiantApe,682,444,1020
424280,156,GiantApe,698,425,1020
442576,156,GiantApe,697,416,1020
422269,156,GiantApe,689,437,1020
424277,156,GiantApe,690,432,1020
424278,156,GiantApe,700,459,1020
424271,156,GiantApe,709,433,1020
423153,156,GiantApe,721,464,1020
436783,156,GiantApe,703,428,1020
422271,156,GiantApe,729,440,1020
423165,156,GiantApe,731,444,1020
423155,156,GiantApe,746,467,1020
422268,156,GiantApe,758,416,1020
422242,156,GiantApe,771,457,1020
422274,156,GiantApe,773,421,1020
422279,156,GiantApe,772,418,1020
422278,156,GiantApe,780,418,1020
422256,156,GiantApe,778,430,1020
424282,156,GiantApe,775,446,1020
422240,156,GiantApe,775,435,1020
422241,156,GiantApe,780,449,1020
423156,156,GiantApe,779,465,1020
423151,156,GiantApe,782,458,1020
424279,156,GiantApe,772,449,1020
422239,156,GiantApe,785,437,1020
422262,156,GiantApe,759,474,1020
422257,156,GiantApe,773,470,1020
432428,156,GiantApe,802,457,1020
422243,156,GiantApe,817,473,1020
422244,156,GiantApe,824,469,1020
422250,156,GiantApe,831,480,1020
422248,156,GiantApe,831,471,1020
422247,156,GiantApe,830,484,1020
420442,156,GiantApe,829,477,1020
422249,156,GiantApe,834,487,1020
423164,156,GiantApe,762,411,1020
422270,156,GiantApe,751,398,1020
423152,156,GiantApe,734,404,1020
423159,156,GiantApe,730,409,1020
423148,156,GiantApe,735,385,1020
423149,156,GiantApe,728,402,1020
422265,156,GiantApe,710,387,1020
423240,156,GiantApe,702,389,1020
423145,156,GiantApe,721,381,1020
424281,156,GiantApe,705,415,1020
422479,156,GiantApe,700,413,1020
422478,156,GiantApe,690,404,1020
423241,156,GiantApe,696,409,1020
424275,156,GiantApe,697,405,1020
422474,156,GiantApe,694,411,1020
428690,156,GiantApe,694,404,1020
414994,156,GiantApe,689,397,1020
422264,156,GiantApe,691,382,1020
422477,156,GiantApe,686,397,1020
422475,156,GiantApe,685,400,1020
422476,156,GiantApe,685,406,1020
423167,156,GiantApe,680,392,1020
424274,156,GiantApe,664,400,1020
422259,156,GiantApe,662,394,1020
424272,156,GiantApe,667,398,1020
422272,156,GiantApe,657,409,1020
422483,156,GiantApe,637,379,1020
422482,156,GiantApe,640,374,1020
422485,156,GiantApe,647,376,1020
423166,156,GiantApe,646,360,1020
422481,156,GiantApe,620,378,1020
422966,556,GiantApeL53,607,391,1020
421741,556,GiantApeL53,603,391,1020
421730,556,GiantApeL53,596,396,1020
422489,156,GiantApe,597,403,1020
416057,556,GiantApeL53,593,392,1020
416356,156,GiantApe,592,374,1020
417320,156,GiantApe,598,374,1020
419518,556,GiantApeL53,597,363,1020
421805,156,GiantApe,596,371,1020
415324,156,GiantApe,602,361,1020
420592,156,GiantApe,586,404,1020
414883,556,GiantApeL53,584,388,1020
416052,556,GiantApeL53,583,392,1020
416063,556,GiantApeL53,578,392,1020
419670,156,GiantApe,581,391,1020
427869,196,GiantApeAide,589,388,1020
419527,556,GiantApeL53,587,394,1020
421740,556,GiantApeL53,584,376,1020
417072,556,GiantApeL53,572,388,1020
419668,156,GiantApe,572,395,1020
419532,556,GiantApeL53,569,376,1020
417064,556,GiantApeL53,549,371,1020
417073,556,GiantApeL53,552,371,1020
421801,156,GiantApe,563,368,1020
417067,556,GiantApeL53,551,364,1020
415317,156,GiantApe,543,377,1020
415335,156,GiantApe,533,381,1020
414885,556,GiantApeL53,536,381,1020
442249,196,GiantApeAide,539,372,1020
419524,556,GiantApeL53,533,377,1020
421739,556,GiantApeL53,508,378,1020
417307,156,GiantApe,514,367,1020
414893,556,GiantApeL53,512,351,1020
415316,156,GiantApe,516,354,1020
418601,156,GiantApe,519,351,1020
416070,556,GiantApeL53,502,343,1020
417324,156,GiantApe,503,356,1020
419675,156,GiantApe,498,356,1020
415328,156,GiantApe,506,344,1020
418594,156,GiantApe,507,353,1020
421735,556,GiantApeL53,495,344,1020
420510,556,GiantApeL53,479,327,1020
420504,556,GiantApeL53,482,313,1020
421791,156,GiantApe,476,311,1020
417315,156,GiantApe,495,308,1020
417056,556,GiantApeL53,488,328,1020
419534,556,GiantApeL53,496,325,1020
419664,156,GiantApe,506,307,1020
420497,556,GiantApeL53,506,327,1020
422968,556,GiantApeL53,520,306,1020
415321,156,GiantApe,515,325,1020
416367,156,GiantApe,517,338,1020
421732,556,GiantApeL53,518,335,1020
421804,156,GiantApe,516,333,1020
402292,196,GiantApeMsgr,509,339,1020
420597,156,GiantApe,525,316,1020
419521,556,GiantApeL53,527,335,1020
420496,556,GiantApeL53,530,350,1020
420600,156,GiantApe,531,343,1020
420499,556,GiantApeL53,521,340,1020
418603,156,GiantApe,539,344,1020
417071,556,GiantApeL53,536,314,1020
415327,156,GiantApe,542,308,1020
417316,156,GiantApe,541,321,1020
421725,556,GiantApeL53,539,338,1020
420517,556,GiantApeL53,539,332,1020
414879,556,GiantApeL53,550,316,1020
421796,156,GiantApe,553,315,1020
420511,556,GiantApeL53,545,338,1020
420515,556,GiantApeL53,548,333,1020
416062,556,GiantApeL53,549,353,1020
417312,156,GiantApe,545,357,1020
419662,156,GiantApe,547,355,1020
419680,156,GiantApe,551,342,1020
416051,556,GiantApeL53,555,356,1020
418395,556,GiantApeL53,555,344,1020
414876,556,GiantApeL53,556,307,1020
414882,556,GiantApeL53,562,320,1020
417076,556,GiantApeL53,561,317,1020
421721,556,GiantApeL53,558,310,1020
416065,556,GiantApeL53,561,340,1020
420591,156,GiantApe,564,328,1020
422967,556,GiantApeL53,564,337,1020
417321,156,GiantApe,563,352,1020
420513,556,GiantApeL53,570,310,1020
421722,556,GiantApeL53,567,315,1020
421723,556,GiantApeL53,566,311,1020
417323,156,GiantApe,575,318,1020
417068,556,GiantApeL53,565,325,1020
421811,156,GiantApe,569,329,1020
415314,156,GiantApe,567,352,1020
416055,556,GiantApeL53,569,344,1020
420611,156,GiantApe,567,348,1020
421733,556,GiantApeL53,572,347,1020
439474,196,GiantApeKing,566,356,1020
414884,556,GiantApeL53,576,322,1020
417065,556,GiantApeL53,584,358,1020
415330,156,GiantApe,576,351,1020
413602,356,RoaringApe,585,353,1020
418402,556,GiantApeL53,585,348,1020
420594,156,GiantApe,590,349,1020
423074,196,GiantApeMsgr,587,342,1020
419677,156,GiantApe,593,316,1020
419515,556,GiantApeL53,593,309,1020
420605,156,GiantApe,596,332,1020
417057,556,GiantApeL53,589,338,1020
419681,156,GiantApe,586,336,1020
418390,556,GiantApeL53,587,330,1020
419663,156,GiantApe,592,330,1020
416075,556,GiantApeL53,603,321,1020
416358,156,GiantApe,599,310,1020
416056,556,GiantApeL53,601,338,1020
416349,156,GiantApe,602,352,1020
419528,556,GiantApeL53,599,349,1020
420610,156,GiantApe,605,345,1020
414880,556,GiantApeL53,605,342,1020
423244,156,GiantApe,618,354,1020
423245,156,GiantApe,613,348,1020
422480,156,GiantApe,616,356,1020
422233,156,GiantApe,626,310,1020
422231,156,GiantApe,625,332,1020
423243,156,GiantApe,628,368,1020
422484,156,GiantApe,641,350,1020
422237,156,GiantApe,644,349,1020
424273,156,GiantApe,652,366,1020
422238,156,GiantApe,655,356,1020
422235,156,GiantApe,661,363,1020
423154,156,GiantApe,659,366,1020
422236,156,GiantApe,664,362,1020
422276,156,GiantApe,679,356,1020
424269,156,GiantApe,688,360,1020
422267,156,GiantApe,706,350,1020
423163,156,GiantApe,706,343,1020
422266,156,GiantApe,717,359,1020
423150,156,GiantApe,666,333,1020
422255,156,GiantApe,640,331,1020
422234,156,GiantApe,636,327,1020
415336,156,GiantApe,475,293,1020
416350,156,GiantApe,469,296,1020
423000,156,GiantApe,478,289,1020
417304,156,GiantApe,470,301,1020
420608,156,GiantApe,469,293,1020
417314,156,GiantApe,497,305,1020
423001,156,GiantApe,479,303,1020
418392,556,GiantApeL53,483,302,1020
419526,556,GiantApeL53,469,287,1020
421807,156,GiantApe,479,286,1020
416360,156,GiantApe,477,282,1020
419538,556,GiantApeL53,468,277,1020
416357,156,GiantApe,489,293,1020
420500,556,GiantApeL53,487,290,1020
414871,556,GiantApeL53,493,271,1020
417078,556,GiantApeL53,492,277,1020
417302,156,GiantApe,496,281,1020
418595,156,GiantApe,497,274,1020
419536,556,GiantApeL53,499,271,1020
417319,156,GiantApe,497,287,1020
416348,156,GiantApe,494,296,1020
418400,556,GiantApeL53,495,300,1020
420505,556,GiantApeL53,502,295,1020
414895,556,GiantApeL53,511,281,1020
418406,556,GiantApeL53,514,300,1020
419676,156,GiantApe,510,295,1020
419514,556,GiantApeL53,505,300,1020
417313,156,GiantApe,526,271,1020
418613,156,GiantApe,523,274,1020
415334,156,GiantApe,531,276,1020
421724,556,GiantApeL53,529,272,1020
420514,556,GiantApeL53,528,282,1020
400717,196,GiantApeAide,528,270,1020
420503,556,GiantApeL53,532,295,1020
418387,556,GiantApeL53,545,294,1020
418590,156,GiantApe,539,300,1020
414892,556,GiantApeL53,554,277,1020
417061,556,GiantApeL53,551,296,1020
417303,156,GiantApe,552,293,1020
414894,556,GiantApeL53,571,275,1020
419661,156,GiantApe,565,277,1020
415333,156,GiantApe,572,270,1020
416068,556,GiantApeL53,571,302,1020
421803,156,GiantApe,569,288,1020
420540,196,GiantApeKing,572,305,1020
421792,156,GiantApe,580,274,1020
421736,556,GiantApeL53,574,294,1020
415325,156,GiantApe,584,282,1020
416066,556,GiantApeL53,585,292,1020
417080,556,GiantApeL53,589,291,1020
421808,156,GiantApe,592,278,1020
418591,156,GiantApe,591,275,1020
418600,156,GiantApe,591,286,1020
416072,556,GiantApeL53,594,304,1020
420498,556,GiantApeL53,591,293,1020
418403,556,GiantApeL53,603,287,1020
421719,556,GiantApeL53,606,303,1020
421802,156,GiantApe,604,295,1020
420509,556,GiantApeL53,608,286,1020
423238,156,GiantApe,614,276,1020
416362,156,GiantApe,607,296,1020
423239,156,GiantApe,624,287,1020
423161,156,GiantApe,639,301,1020
422473,156,GiantApe,640,292,1020
423237,156,GiantApe,631,288,1020
424270,156,GiantApe,636,305,1020
422232,156,GiantApe,639,313,1020
422472,156,GiantApe,646,293,1020
422469,156,GiantApe,644,298,1020
423146,156,GiantApe,664,316,1020
423147,156,GiantApe,680,319,1020
422468,156,GiantApe,638,284,1020
422471,156,GiantApe,634,286,1020
422470,156,GiantApe,630,284,1020
421727,556,GiantApeL53,575,265,1020
419660,156,GiantApe,575,256,1020
418397,556,GiantApeL53,580,268,1020
420508,556,GiantApeL53,577,261,1020
418602,156,GiantApe,597,268,1020
419517,556,GiantApeL53,568,266,1020
419533,556,GiantApeL53,569,262,1020
442572,196,GiantApeKing,568,252,1020
421812,156,GiantApe,548,263,1020
416366,156,GiantApe,539,264,1020
421814,156,GiantApe,530,265,1020
418589,156,GiantApe,537,255,1020
418607,156,GiantApe,516,257,1020
421738,556,GiantApeL53,523,258,1020
419531,556,GiantApeL53,523,269,1020
418599,156,GiantApe,506,266,1020
418609,156,GiantApe,510,254,1020
419683,156,GiantApe,517,252,1020
419671,156,GiantApe,504,254,1020
417318,156,GiantApe,494,256,1020
421347,556,GiantApeL53,498,268,1020
414875,556,GiantApeL53,483,269,1020
414881,556,GiantApeL53,483,254,1020
416073,556,GiantApeL53,476,250,1020
415329,156,GiantApe,508,251,1020
419684,156,GiantApe,521,249,1020
414874,556,GiantApeL53,472,238,1020
418382,556,GiantApeL53,470,245,1020
418611,156,GiantApe,476,238,1020
420588,156,GiantApe,475,235,1020
419522,556,GiantApeL53,472,267,1020
419665,156,GiantApe,471,264,1020
420506,556,GiantApeL53,475,254,1020
418386,556,GiantApeL53,479,257,1020
417074,556,GiantApeL53,467,243,1020
422283,156,GiantApe,459,202,1020
423175,156,GiantApe,475,200,1020
424288,156,GiantApe,493,208,1020
424290,156,GiantApe,501,199,1020
423185,156,GiantApe,504,199,1020
415326,156,GiantApe,496,230,1020
418389,556,GiantApeL53,510,235,1020
418404,556,GiantApeL53,505,242,1020
418605,156,GiantApe,515,247,1020
422280,156,GiantApe,517,200,1020
424307,156,GiantApe,536,209,1020
418645,556,GiantApeL53,529,232,1020
416054,556,GiantApeL53,534,249,1020
420602,156,GiantApe,536,238,1020
416071,556,GiantApeL53,538,244,1020
415322,156,GiantApe,538,234,1020
423184,156,GiantApe,545,211,1020
441148,196,GiantApeKing,543,242,1020
426787,156,GiantApe,544,248,1020
420284,196,GiantApeMsgr,542,234,1020
421797,156,GiantApe,550,251,1020
414886,556,GiantApeL53,560,238,1020
417075,556,GiantApeL53,571,242,1020
417317,156,GiantApe,573,234,1020
418597,156,GiantApe,581,245,1020
416353,156,GiantApe,580,240,1020
415318,156,GiantApe,580,251,1020
422999,156,GiantApe,597,233,1020
421731,556,GiantApeL53,603,232,1020
417308,156,GiantApe,603,242,1020
422286,156,GiantApe,533,185,1020
422297,156,GiantApe,503,184,1020
424298,156,GiantApe,502,195,1020
422292,156,GiantApe,507,190,1020
424284,156,GiantApe,495,185,1020
424299,156,GiantApe,492,184,1020
435457,156,GiantApe,486,197,1020
422288,156,GiantApe,481,186,1020
422289,156,GiantApe,478,188,1020
422304,156,GiantApe,469,189,1020
422294,156,GiantApe,459,190,1020
424295,156,GiantApe,463,188,1020
418820,156,GiantApe,439,141,1020
424293,156,GiantApe,476,156,1020
423181,156,GiantApe,475,176,1020
424306,156,GiantApe,484,175,1020
422300,156,GiantApe,485,132,1020
423180,156,GiantApe,491,166,1020
423178,156,GiantApe,502,142,1020
423182,156,GiantApe,493,174,1020
422281,156,GiantApe,499,166,1020
423174,156,GiantApe,502,170,1020
423176,156,GiantApe,490,124,1020
442573,156,GiantApe,394,57,1020
418492,156,GiantApe,757,456,1020
419037,156,Macaque,863,539,1020
431553,156,Macaque,849,543,1020
434810,156,Macaque,840,550,1020
400990,156,Macaque,839,552,1020
417495,156,Macaque,844,552,1020
434707,156,Macaque,819,545,1020
423937,156,Macaque,811,551,1020
438845,156,Macaque,857,551,1020
435330,156,Macaque,850,553,1020
417354,156,Macaque,860,552,1020
435801,156,Macaque,863,550,1020
416435,156,Macaque,863,554,1020
416002,156,Macaque,813,563,1020
420793,156,Macaque,835,575,1020
420527,156,Macaque,865,543,1020
426242,156,Macaque,867,561,1020
435270,156,Macaque,868,572,1020
430935,156,Macaque,880,575,1020
416450,156,Macaque,877,549,1020
416452,156,Macaque,876,546,1020
418646,156,Macaque,878,553,1020
417356,156,Macaque,876,556,1020
436263,156,Macaque,878,567,1020
417372,156,Macaque,889,551,1020
430876,156,Macaque,888,546,1020
417365,156,Macaque,890,556,1020
408825,156,Macaque,888,553,1020
418640,156,Macaque,888,566,1020
417380,156,Macaque,892,565,1020
436676,156,Macaque,882,571,1020
417549,156,Macaque,880,548,1020
413760,156,Macaque,880,555,1020
430944,156,Macaque,893,561,1020
417350,156,Macaque,895,558,1020
436262,156,Macaque,897,561,1020
417371,156,Macaque,902,571,1020
416440,156,Macaque,893,556,1020
432635,156,Macaque,892,548,1020
417368,156,Macaque,896,553,1020
435240,156,Macaque,896,576,1020
416028,156,Macaque,904,554,1020
417370,156,Macaque,905,557,1020
416434,156,Macaque,908,567,1020
417352,156,Macaque,910,562,1020
427003,156,Macaque,905,573,1020
442577,156,Macaque,915,573,1020
435704,156,Macaque,915,567,1020
417355,156,Macaque,909,559,1020
416447,156,Macaque,907,573,1020
416174,156,Macaque,903,576,1020
416338,156,Macaque,900,576,1020
417353,156,Macaque,903,579,1020
433821,156,Macaque,899,579,1020
417351,156,Macaque,925,557,1020
417374,156,Macaque,924,561,1020
422147,156,Macaque,919,563,1020
416445,156,Macaque,888,587,1020
416080,156,Macaque,884,585,1020
401198,156,Macaque,887,599,1020
419655,156,Macaque,876,594,1020
420586,156,Macaque,871,585,1020
438315,156,Macaque,870,580,1020
416565,156,Macaque,868,579,1020
423120,156,Macaque,854,594,1020
418643,156,Macaque,827,576,1020
423891,156,Macaque,830,577,1020
441934,156,Macaque,804,669,1020
420719,156,Macaque,806,636,1020
414958,156,Macaque,797,652,1020
437354,156,Macaque,792,660,1020
419797,156,Macaque,781,677,1020
426792,156,Macaque,785,674,1020
430899,156,Macaque,784,683,1020
421319,156,Macaque,787,670,1020
408243,156,Macaque,783,654,1020
415205,156,Macaque,787,661,1020
436423,156,Macaque,782,641,1020
439817,156,Macaque,784,640,1020
407705,156,Macaque,795,687,1020
408235,196,MonkeyAide,776,688,1020
417453,156,Macaque,776,659,1020
436812,156,Macaque,779,650,1020
433059,556,MacaqueL48,774,654,1020
438918,156,Macaque,790,688,1020
418620,156,Macaque,790,692,1020
414139,156,Macaque,767,695,1020
422306,556,MacaqueL48,766,655,1020
420698,556,MacaqueL48,767,652,1020
414933,156,Macaque,794,692,1020
425126,156,Macaque,768,706,1020
436485,556,MacaqueL48,764,675,1020
435664,556,MacaqueL48,758,687,1020
436388,156,Macaque,760,677,1020
400780,156,Macaque,762,681,1020
436339,196,MonkeyMessenger,763,677,1020
433847,556,MacaqueL48,754,696,1020
430131,156,Macaque,750,666,1020
426211,556,MacaqueL48,757,677,1020
422976,156,Macaque,765,720,1020
432639,156,Macaque,764,724,1020
421260,156,Macaque,745,728,1020
420249,156,Macaque,748,722,1020
434091,156,Macaque,748,730,1020
439150,156,Macaque,751,728,1020
424312,156,Macaque,741,734,1020
438388,156,Macaque,740,727,1020
414138,556,MacaqueL48,743,684,1020
442511,156,Macaque,733,727,1020
422058,156,Macaque,723,731,1020
428742,196,MonkeyAide,733,685,1020
421252,556,MacaqueL48,736,688,1020
419013,156,Macaque,749,738,1020
434374,156,Macaque,726,738,1020
434970,921,LuckyCat,726,750,1020
440065,156,Macaque,720,742,1020
417082,156,Macaque,727,725,1020
419397,156,Macaque,728,729,1020
415996,156,Macaque,729,724,1020
415126,156,Macaque,741,746,1020
404697,156,Macaque,739,747,1020
405890,156,Macaque,723,753,1020
436570,156,Macaque,721,730,1020
426483,232,Vulture,719,769,1020
421080,156,Macaque,717,747,1020
413909,156,Macaque,718,751,1020
430925,156,Macaque,717,720,1020
405464,156,Macaque,703,759,1020
426801,156,Macaque,709,731,1020
426177,232,Vulture,704,765,1020
438072,156,Macaque,721,760,1020
435528,156,Macaque,725,741,1020
420539,156,Macaque,705,732,1020
431312,232,Vulture,708,768,1020
415850,156,Macaque,703,721,1020
435349,156,Macaque,724,756,1020
433397,156,Macaque,701,730,1020
433710,232,Vulture,700,781,1020
420867,232,Vulture,699,788,1020
414898,232,Vulture,699,762,1020
434084,232,Vulture,696,765,1020
434561,156,Macaque,697,756,1020
418977,156,Macaque,692,748,1020
403484,156,Macaque,698,751,1020
405579,232,Vulture,686,778,1020
432675,232,Vulture,687,786,1020
414492,156,Macaque,690,738,1020
435865,232,Vulture,680,791,1020
426166,232,Vulture,677,766,1020
427040,156,Macaque,681,742,1020
407555,156,Macaque,684,759,1020
433547,232,Vulture,675,807,1020
434064,232,Vulture,667,794,1020
426454,232,Vulture,673,800,1020
441403,232,Vulture,671,779,1020
432599,232,Vulture,664,797,1020
441908,232,Vulture,663,788,1020
406795,232,Vulture,665,774,1020
435119,232,Vulture,664,765,1020
434624,232,Vulture,668,771,1020
439023,232,Vulture,658,775,1020
423199,232,Vulture,659,760,1020
434198,232,Vulture,661,763,1020
420141,232,Vulture,652,822,1020
406590,232,Vulture,663,811,1020
419097,232,Vulture,651,818,1020
423043,232,Vulture,649,798,1020
421297,232,Vulture,651,777,1020
436153,232,Vulture,650,783,1020
405613,232,Vulture,650,774,1020
430911,232,Vulture,654,777,1020
425297,232,Vulture,649,791,1020
432995,232,Vulture,647,812,1020
432859,232,Vulture,643,786,1020
406836,232,Vulture,648,774,1020
417890,232,Vulture,642,805,1020
418355,232,Vulture,638,801,1020
414726,232,Vulture,638,803,1020
435670,232,Vulture,638,778,1020
427299,232,Vulture,641,782,1020
436255,232,Vulture,642,773,1020
416422,232,Vulture,632,817,1020
413085,232,Vulture,634,816,1020
405633,232,Vulture,637,782,1020
419687,232,Vulture,662,826,1020
422136,232,Vulture,636,823,1020
421112,232,Vulture,635,828,1020
431345,232,Vulture,644,828,1020
433072,232,Vulture,639,830,1020
435208,232,Vulture,626,816,1020
435453,232,Vulture,628,819,1020
414949,232,Vulture,626,823,1020
416655,232,Vulture,644,837,1020
420466,232,Vulture,642,833,1020
410962,232,Vulture,624,843,1020
440612,232,Vulture,622,840,1020
420099,232,Vulture,618,838,1020
434219,232,Vulture,624,819,1020
437050,232,Vulture,622,819,1020
419643,232,Vulture,651,835,1020
416449,232,Vulture,637,840,1020
418812,232,Vulture,648,840,1020
434376,232,Vulture,617,816,1020
441484,232,Vulture,617,821,1020
424209,232,Vulture,610,854,1020
415120,232,Vulture,607,854,1020
435954,232,Vulture,610,824,1020
435953,232,Vulture,613,825,1020
433574,232,Vulture,620,862,1020
422325,232,Vulture,603,861,1020
404691,232,Vulture,595,860,1020
430185,232,Vulture,609,819,1020
417234,232,Vulture,608,814,1020
419601,232,Vulture,606,817,1020
420773,232,Vulture,623,864,1020
414901,232,Vulture,620,867,1020
426908,232,Vulture,617,867,1020
434852,232,Vulture,613,866,1020
422435,232,Vulture,621,865,1020
426497,232,Vulture,596,865,1020
435549,232,Vulture,601,866,1020
430186,232,Vulture,610,866,1020
406685,232,Vulture,599,867,1020
435902,232,Vulture,594,864,1020
435537,232,Vulture,602,842,1020
414917,232,Vulture,601,834,1020
418662,232,Vulture,614,869,1020
435312,232,Vulture,597,870,1020
421752,232,Vulture,609,870,1020
422328,232,Vulture,611,871,1020
415066,232,Vulture,595,870,1020
432434,232,Vulture,593,854,1020
436058,232,Vulture,591,857,1020
428799,232,Vulture,592,848,1020
416638,232,Vulture,589,846,1020
435690,232,Vulture,590,860,1020
434222,232,Vulture,594,845,1020
434620,232,Vulture,587,858,1020
415356,232,Vulture,587,850,1020
432360,232,Vulture,581,831,1020
435669,232,Vulture,583,851,1020
422036,232,Vulture,583,853,1020
415047,232,Vulture,572,834,1020
442807,232,Vulture,586,836,1020
432979,232,Vulture,586,831,1020
433672,232,Vulture,584,823,1020
435460,232,Vulture,603,822,1020
435898,232,Vulture,578,807,1020
442778,232,Vulture,591,809,1020
406574,232,Vulture,593,799,1020
407669,232,Vulture,612,824,1020
415192,232,Vulture,654,769,1020
415076,232,Vulture,650,772,1020
427644,232,Vulture,636,767,1020
427643,232,Vulture,647,763,1020
433575,232,Vulture,647,765,1020
441901,232,Vulture,632,766,1020
420776,232,Vulture,631,768,1020
417104,232,Vulture,652,765,1020
416628,232,Vulture,649,766,1020
419735,232,Vulture,651,761,1020
405738,232,Vulture,696,778,1020
435604,156,Macaque,675,738,1020
433789,156,Macaque,667,738,1020
442764,156,Macaque,678,737,1020
400714,156,Macaque,693,736,1020
431576,156,Macaque,683,730,1020
404677,156,Macaque,680,730,1020
420463,156,Macaque,679,728,1020
401151,156,Macaque,689,730,1020
421248,156,Macaque,685,728,1020
437312,156,Macaque,688,728,1020
413638,232,Vulture,705,764,1020
401165,156,Macaque,677,722,1020
433851,156,Macaque,686,724,1020
439136,156,Macaque,711,723,1020
421116,156,Macaque,695,712,1020
414858,156,Macaque,701,714,1020
426280,156,Macaque,697,719,1020
421050,156,Macaque,710,712,1020
420584,156,Macaque,703,715,1020
417470,156,Macaque,719,709,1020
435634,156,Macaque,691,702,1020
415851,156,Macaque,693,708,1020
405835,156,Macaque,691,706,1020
417184,156,Macaque,694,706,1020
437775,156,Macaque,699,709,1020
418969,156,Macaque,696,697,1020
422923,156,Macaque,711,698,1020
437428,156,Macaque,710,695,1020
417121,556,MacaqueL48,714,696,1020
435962,556,MacaqueL48,717,696,1020
426789,156,Macaque,725,731,1020
418501,156,Macaque,695,693,1020
426952,156,Macaque,694,686,1020
427244,556,MacaqueL48,709,687,1020
419016,556,MacaqueL48,712,691,1020
442500,556,MacaqueL48,718,690,1020
438425,556,MacaqueL48,708,692,1020
438955,156,Macaque,711,689,1020
440776,556,MacaqueL48,716,693,1020
425298,156,Macaque,730,687,1020
427629,156,Macaque,729,727,1020
432875,556,MacaqueL48,712,682,1020
414560,556,MacaqueL48,707,682,1020
437607,556,MacaqueL48,735,669,1020
414268,156,Macaque,733,683,1020
427284,556,MacaqueL48,724,683,1020
434112,156,Macaque,736,671,1020
409486,156,Macaque,713,684,1020
433856,556,MacaqueL48,702,684,1020
426777,156,Macaque,707,679,1020
437418,556,MacaqueL48,712,680,1020
434040,556,MacaqueL48,704,677,1020
434984,556,MacaqueL48,716,679,1020
426843,556,MacaqueL48,724,678,1020
419593,156,Macaque,723,680,1020
413765,556,MacaqueL48,742,680,1020
436600,556,MacaqueL48,739,682,1020
442769,556,MacaqueL48,747,680,1020
415024,556,MacaqueL48,714,674,1020
421478,156,Macaque,714,671,1020
422074,156,Macaque,710,674,1020
416984,556,MacaqueL48,719,675,1020
426791,156,Macaque,702,674,1020
421782,556,MacaqueL48,723,673,1020
432051,156,Macaque,731,675,1020
430940,156,Macaque,725,672,1020
414971,556,MacaqueL48,728,670,1020
420440,156,Macaque,702,666,1020
440205,156,Macaque,713,669,1020
433800,156,Macaque,707,665,1020
426076,556,MacaqueL48,723,664,1020
433379,556,MacaqueL48,730,662,1020
426905,156,Macaque,746,657,1020
423016,556,MacaqueL48,738,665,1020
422443,156,Macaque,747,664,1020
435017,156,Macaque,746,682,1020
418999,556,MacaqueL48,745,685,1020
415260,556,MacaqueL48,731,668,1020
404680,156,Macaque,720,668,1020
427189,156,Macaque,718,661,1020
436107,556,MacaqueL48,726,660,1020
417022,156,Macaque,740,661,1020
421251,156,Macaque,747,661,1020
423099,556,MacaqueL48,749,659,1020
426446,156,Macaque,748,651,1020
422134,156,Macaque,754,649,1020
434673,156,Macaque,758,651,1020
434259,556,MacaqueL48,759,648,1020
414267,156,Macaque,723,649,1020
435700,156,Macaque,739,649,1020
432963,556,MacaqueL48,747,646,1020
405568,556,MacaqueL48,769,646,1020
428897,556,MacaqueL48,761,646,1020
421406,556,MacaqueL48,773,640,1020
438297,556,MacaqueL48,772,644,1020
417471,556,MacaqueL48,771,646,1020
442378,156,Macaque,773,670,1020
426818,156,Macaque,751,639,1020
414946,156,Macaque,749,638,1020
426509,556,MacaqueL48,753,641,1020
408824,556,MacaqueL48,767,641,1020
437380,156,Macaque,764,636,1020
417751,556,MacaqueL48,765,630,1020
426235,556,MacaqueL48,744,619,1020
417338,556,MacaqueL48,748,626,1020
405727,156,Macaque,750,627,1020
440278,556,MacaqueL48,751,625,1020
435793,156,Macaque,738,625,1020
435797,556,MacaqueL48,739,621,1020
405811,556,MacaqueL48,762,621,1020
421785,156,Macaque,765,624,1020
431358,556,MacaqueL48,758,625,1020
413622,556,MacaqueL48,769,624,1020
440447,556,MacaqueL48,764,628,1020
431577,556,MacaqueL48,758,623,1020
436635,156,Macaque,775,623,1020
407643,156,Macaque,768,616,1020
430918,156,Macaque,759,616,1020
407577,556,MacaqueL48,770,616,1020
426154,556,MacaqueL48,773,615,1020
414689,156,Macaque,775,615,1020
427170,156,Macaque,748,613,1020
401111,156,Macaque,782,606,1020
432345,156,Macaque,786,609,1020
401442,156,Macaque,785,603,1020
442789,156,Macaque,758,614,1020
422405,196,MonkeyKing,768,605,1020
417129,556,MacaqueL48,778,604,1020
422514,556,MacaqueL48,776,603,1020
435271,156,Macaque,792,623,1020
427230,156,Macaque,794,619,1020
438951,156,Macaque,766,598,1020
414938,556,MacaqueL48,772,592,1020
408767,556,MacaqueL48,760,593,1020
421470,156,Macaque,797,576,1020
417337,156,Macaque,800,597,1020
416077,156,Macaque,788,596,1020
423881,156,Macaque,774,595,1020
418940,196,MonkeyMessenger,770,580,1020
421115,556,MacaqueL48,762,580,1020
433043,556,MacaqueL48,763,585,1020
406704,156,Macaque,785,587,1020
413628,156,Macaque,778,589,1020
416583,156,Macaque,800,577,1020
408819,156,Macaque,794,588,1020
436924,556,MacaqueL48,758,576,1020
425994,156,Macaque,760,577,1020
419690,556,MacaqueL48,764,579,1020
416291,156,Macaque,802,577,1020
406741,156,Macaque,786,577,1020
418917,156,Macaque,773,563,1020
428798,156,Macaque,789,566,1020
426149,156,Macaque,791,568,1020
426817,156,Macaque,802,569,1020
421410,156,Macaque,806,561,1020
442508,156,Macaque,792,562,1020
417546,156,Macaque,803,557,1020
426859,156,Macaque,809,557,1020
415042,156,Macaque,795,558,1020
404737,156,Macaque,782,547,1020
423143,156,Macaque,807,548,1020
426846,156,Macaque,803,546,1020
421682,156,Macaque,823,578,1020
439534,156,Macaque,805,611,1020
423897,156,Macaque,773,541,1020
436013,156,Macaque,765,530,1020
441846,156,Macaque,779,536,1020
418804,156,Macaque,740,547,1020
407552,156,Macaque,741,542,1020
432956,156,Macaque,740,538,1020
426907,156,Macaque,737,547,1020
419550,156,Macaque,745,562,1020
432342,156,Macaque,748,562,1020
434834,156,Macaque,745,568,1020
433171,156,Macaque,755,573,1020
437809,556,MacaqueL48,749,582,1020
426020,556,MacaqueL48,720,580,1020
441808,556,MacaqueL48,737,593,1020
420120,156,Macaque,736,588,1020
436086,156,Macaque,748,594,1020
422407,556,MacaqueL48,723,587,1020
431582,556,MacaqueL48,745,585,1020
413083,556,MacaqueL48,746,599,1020
406519,556,MacaqueL48,747,607,1020
420565,196,MonkeyKing,736,619,1020
419430,156,Macaque,733,618,1020
438278,156,Macaque,725,627,1020
406761,156,Macaque,726,622,1020
435691,556,MacaqueL48,737,636,1020
434282,156,Macaque,725,641,1020
414707,156,Macaque,720,648,1020
415450,156,Macaque,721,656,1020
418350,196,MonkeyAide,704,639,1020
424337,156,Macaque,702,679,1020
437135,156,Macaque,700,666,1020
421236,156,Macaque,697,676,1020
430177,156,Macaque,697,669,1020
416682,156,Macaque,692,666,1020
434274,156,Macaque,692,659,1020
437788,156,Macaque,697,652,1020
441260,156,Macaque,685,666,1020
434854,556,MacaqueL48,689,653,1020
432943,156,Macaque,675,678,1020
415457,156,Macaque,678,683,1020
417033,156,Macaque,669,687,1020
430931,556,MacaqueL48,672,695,1020
421706,156,Macaque,664,716,1020
439742,156,Macaque,665,713,1020
406516,556,MacaqueL48,664,703,1020
416917,156,Macaque,664,673,1020
414719,156,Macaque,657,701,1020
415988,156,Macaque,657,675,1020
401079,556,MacaqueL48,660,671,1020
418552,156,Macaque,654,679,1020
416666,156,Macaque,674,715,1020
420549,156,Macaque,681,717,1020
418660,156,Macaque,654,695,1020
425961,156,Macaque,644,721,1020
415267,156,Macaque,642,737,1020
422511,156,Macaque,637,721,1020
440438,156,Macaque,634,726,1020
435311,156,Macaque,633,698,1020
417516,156,Macaque,627,725,1020
426785,156,Macaque,625,707,1020
426230,156,Macaque,629,707,1020
431883,156,Macaque,626,704,1020
436544,156,Macaque,628,697,1020
417385,156,Macaque,621,708,1020
415308,156,Macaque,651,737,1020
417454,156,Macaque,623,741,1020
417062,156,Macaque,618,748,1020
434102,156,Macaque,619,723,1020
414712,156,Macaque,617,705,1020
440377,156,Macaque,665,740,1020
431555,156,Macaque,603,746,1020
414518,156,Macaque,598,749,1020
434300,156,Macaque,609,726,1020
418993,156,Macaque,605,763,1020
417381,156,Macaque,596,731,1020
433780,232,Vulture,618,761,1020
433486,232,Vulture,597,761,1020
422953,232,Vulture,607,764,1020
414288,156,Macaque,592,736,1020
416621,156,Macaque,617,766,1020
427642,232,Vulture,616,764,1020
435266,232,Vulture,612,762,1020
420053,156,Macaque,586,745,1020
414981,156,Macaque,618,769,1020
418634,156,Macaque,613,769,1020
415435,232,Vulture,627,768,1020
433573,232,Vulture,571,771,1020
407648,232,Vulture,575,769,1020
400781,232,Vulture,573,771,1020
405917,232,Vulture,568,776,1020
428851,232,Vulture,567,787,1020
415032,156,Macaque,574,717,1020
428790,156,Macaque,597,722,1020
421840,156,Macaque,612,697,1020
419613,156,Macaque,613,706,1020
410953,156,Macaque,622,694,1020
408813,156,Macaque,624,695,1020
426224,156,Macaque,618,720,1020
442013,156,Macaque,615,678,1020
442792,156,Macaque,654,693,1020
425311,156,Macaque,698,695,1020
431284,556,MacaqueL48,674,637,1020
400700,556,MacaqueL48,666,639,1020
421327,156,Macaque,676,637,1020
435668,556,MacaqueL48,724,623,1020
433084,556,MacaqueL48,684,614,1020
435015,556,MacaqueL48,687,617,1020
405792,556,MacaqueL48,726,607,1020
408792,156,Macaque,756,607,1020
418877,556,MacaqueL48,758,582,1020
416457,156,Macaque,764,573,1020
426797,556,MacaqueL48,728,567,1020
441907,556,MacaqueL48,721,565,1020
415189,156,Macaque,771,530,1020
437387,156,Macaque,719,529,1020
427248,156,Macaque,717,532,1020
408667,156,Macaque,712,528,1020
434042,556,MacaqueL48,703,568,1020
438838,556,MacaqueL48,706,577,1020
417876,196,MonkeyAide,719,586,1020
422404,196,MonkeyMessenger,701,575,1020
402308,156,Macaque,701,542,1020
406488,556,MacaqueL48,695,600,1020
433168,556,MacaqueL48,698,566,1020
439135,556,MacaqueL48,711,590,1020
415197,156,Macaque,683,610,1020
432078,156,Macaque,669,630,1020
426120,156,Macaque,680,633,1020
415146,156,Macaque,664,605,1020
433743,156,Macaque,661,617,1020
415237,156,Macaque,657,633,1020
438197,156,Macaque,658,631,1020
416200,156,Macaque,646,639,1020
418535,556,MacaqueL48,647,612,1020
415422,556,MacaqueL48,651,614,1020
405822,156,Macaque,648,641,1020
432827,156,Macaque,640,652,1020
407095,156,Macaque,612,669,1020
431897,156,Macaque,629,665,1020
434665,156,Macaque,628,657,1020
433484,156,Macaque,623,658,1020
421231,556,MacaqueL48,615,655,1020
423051,156,Macaque,609,676,1020
426210,156,Macaque,599,674,1020
421202,156,Macaque,590,713,1020
419589,156,Macaque,573,688,1020
405801,156,Macaque,568,683,1020
414561,156,Macaque,586,663,1020
442471,156,Macaque,608,661,1020
417754,156,Macaque,621,647,1020
405789,156,Macaque,618,647,1020
421838,156,Macaque,624,640,1020
408820,156,Macaque,619,644,1020
427226,156,Macaque,632,622,1020
435207,196,MonkeyMessenger,652,596,1020
413744,156,Macaque,689,543,1020
402357,156,Macaque,686,546,1020
437754,156,Macaque,687,534,1020
438407,156,Macaque,694,524,1020
426066,156,Macaque,679,556,1020
420230,156,Macaque,667,556,1020
415291,156,Macaque,660,553,1020
415131,156,Macaque,654,550,1020
401103,156,Macaque,652,554,1020
408760,156,Macaque,646,508,1020
433358,156,Macaque,649,517,1020
435352,156,Macaque,641,589,1020
420134,196,MonkeyAide,632,592,1020
433724,196,MonkeyKing,633,590,1020
406631,556,MacaqueL48,662,599,1020
434562,156,Macaque,642,601,1020
418759,196,MonkeyAide,629,593,1020
441928,556,MacaqueL48,628,589,1020
413642,156,Macaque,628,573,1020
421292,156,Macaque,624,625,1020
400999,156,Macaque,594,640,1020
400722,156,Macaque,580,644,1020
434660,156,Macaque,573,671,1020
417880,156,Macaque,567,666,1020
438995,156,Macaque,565,677,1020
430906,156,Macaque,560,668,1020
418995,156,Macaque,575,639,1020
417672,156,Macaque,619,691,1020
442300,556,MacaqueL48,646,602,1020
427888,196,MonkeyMessenger,620,570,1020
418470,156,Macaque,620,561,1020
436510,156,Macaque,623,565,1020
415475,156,Macaque,617,536,1020
439442,156,Macaque,624,532,1020
439109,156,Macaque,635,525,1020
416230,156,Macaque,627,520,1020
438351,156,Macaque,621,516,1020
419753,156,Macaque,614,508,1020
432884,156,Macaque,638,513,1020
416374,156,Macaque,644,509,1020
416325,156,Macaque,622,506,1020
436077,156,Macaque,627,498,1020
436723,156,Macaque,741,563,1020
423060,556,MacaqueL48,757,602,1020
420577,156,Macaque,779,607,1020
422980,196,MonkeyMessenger,709,643,1020
434142,556,MacaqueL48,677,685,1020
422152,156,Macaque,650,714,1020
418500,556,MacaqueL48,646,688,1020
414665,900,Guard1,561,561,1020
414672,900,Guard1,548,548,1020
414673,900,Guard1,570,542,1020
401441,156,Macaque,651,534,1020
426026,156,Macaque,681,531,1020
405785,156,Macaque,691,521,1020
417037,156,Macaque,696,543,1020
434806,156,Macaque,758,557,1020
442766,156,Macaque,791,560,1020
438016,556,MacaqueL48,748,579,1020
409482,156,Macaque,750,576,1020
414252,156,Macaque,746,575,1020
416299,156,Macaque,728,598,1020
433281,556,MacaqueL48,695,583,1020
413738,156,Macaque,671,555,1020
408794,156,Macaque,669,562,1020
421082,156,Macaque,657,578,1020
401240,921,LuckyCat,634,697,1020
402323,921,LuckyCat,605,720,1020
432623,232,Vulture,620,769,1020
435714,232,Vulture,622,771,1020
416304,232,Vulture,627,771,1020
432435,232,Vulture,628,765,1020
442624,232,Vulture,618,773,1020
413753,232,Vulture,622,776,1020
419582,232,Vulture,615,775,1020
442245,232,Vulture,578,799,1020
437211,232,Vulture,625,787,1020
435626,232,Vulture,607,795,1020
436468,232,Vulture,587,797,1020
433737,232,Vulture,588,795,1020
418295,232,Vulture,589,804,1020
435175,232,Vulture,618,809,1020
413673,232,Vulture,574,796,1020
414522,232,Vulture,594,828,1020
433572,232,Vulture,568,832,1020
413733,232,Vulture,604,849,1020
413702,105,LapidatingMob,535,855,1020
414474,105,LapidatingMob,507,792,1020
414470,105,LapidatingMob,505,843,1020
413689,105,LapidatingMob,505,831,1020
414473,105,LapidatingMob,503,841,1020
413700,105,LapidatingMob,503,797,1020
414479,105,LapidatingMob,505,822,1020
415842,105,LapidatingMob,493,837,1020
415845,105,LapidatingMob,497,832,1020
421390,204,Snakeman,491,814,1020
415846,105,LapidatingMob,494,818,1020
413695,105,LapidatingMob,493,796,1020
421399,204,Snakeman,492,801,1020
415844,105,LapidatingMob,488,842,1020
413690,105,LapidatingMob,483,836,1020
414476,105,LapidatingMob,485,833,1020
421387,204,Snakeman,484,830,1020
421397,204,Snakeman,489,809,1020
415843,105,LapidatingMob,490,825,1020
421404,204,Snakeman,486,824,1020
413688,105,LapidatingMob,490,811,1020
414480,105,LapidatingMob,488,825,1020
421402,204,Snakeman,477,830,1020
413693,105,LapidatingMob,478,803,1020
415841,105,LapidatingMob,480,805,1020
418237,204,Snakeman,476,806,1020
413697,105,LapidatingMob,474,819,1020
421407,204,Snakeman,486,850,1020
413691,105,LapidatingMob,501,850,1020
413694,105,LapidatingMob,483,853,1020
413698,105,LapidatingMob,484,851,1020
413705,105,LapidatingMob,500,864,1020
414472,105,LapidatingMob,501,868,1020
413699,105,LapidatingMob,510,875,1020
413703,105,LapidatingMob,510,877,1020
414469,105,LapidatingMob,505,872,1020
413707,105,LapidatingMob,507,873,1020
413706,105,LapidatingMob,524,872,1020
413708,105,LapidatingMob,527,868,1020
413709,105,LapidatingMob,525,867,1020
413704,105,LapidatingMob,516,886,1020
413701,105,LapidatingMob,520,882,1020
425128,204,Snakeman,465,835,1020
414471,105,LapidatingMob,466,819,1020
421391,204,Snakeman,463,816,1020
421398,204,Snakeman,466,815,1020
421389,204,Snakeman,453,795,1020
414468,105,LapidatingMob,466,809,1020
421409,204,Snakeman,452,812,1020
418554,204,Snakeman,450,810,1020
405595,204,Snakeman,441,792,1020
421401,204,Snakeman,429,793,1020
421388,204,Snakeman,423,787,1020
421396,204,Snakeman,429,789,1020
421405,204,Snakeman,430,776,1020
421394,204,Snakeman,439,789,1020
405541,204,Snakeman,441,790,1020
433802,204,Snakeman,448,789,1020
405592,204,Snakeman,453,788,1020
405540,204,Snakeman,418,781,1020
405542,204,Snakeman,422,782,1020
421392,204,Snakeman,419,779,1020
405543,204,Snakeman,423,775,1020
421385,204,Snakeman,436,779,1020
405590,204,Snakeman,413,757,1020
405591,204,Snakeman,410,756,1020
442068,204,Snakeman,413,765,1020
405539,204,Snakeman,420,771,1020
430107,204,Snakeman,426,765,1020
436092,204,Snakeman,422,767,1020
417261,204,Snakeman,423,764,1020
417284,204,Snakeman,433,766,1020
432977,204,Snakeman,406,775,1020
420464,204,Snakeman,396,756,1020
405538,204,Snakeman,403,753,1020
425270,204,Snakeman,397,748,1020
437744,204,Snakeman,426,754,1020
420566,204,Snakeman,430,758,1020
421683,204,Snakeman,395,762,1020
417035,204,Snakeman,380,750,1020
413680,204,Snakeman,388,743,1020
415282,204,Snakeman,385,746,1020
422494,204,Snakeman,394,744,1020
422927,204,Snakeman,381,745,1020
419801,204,Snakeman,419,747,1020
433785,204,Snakeman,430,747,1020
405535,204,Snakeman,375,742,1020
422173,204,Snakeman,380,731,1020
438491,204,Snakeman,378,727,1020
419811,204,Snakeman,379,736,1020
426845,204,Snakeman,382,738,1020
418980,204,Snakeman,368,725,1020
419469,204,Snakeman,369,720,1020
416129,204,Snakeman,364,732,1020
440449,204,Snakeman,395,729,1020
406549,204,Snakeman,355,721,1020
421787,204,Snakeman,351,721,1020
415270,204,Snakeman,355,715,1020
420481,204,Snakeman,358,711,1020
427169,204,Snakeman,363,711,1020
434061,204,Snakeman,386,715,1020
405528,204,Snakeman,360,720,1020
432035,204,Snakeman,364,722,1020
433632,204,Snakeman,380,714,1020
418631,204,Snakeman,382,713,1020
414604,204,Snakeman,380,712,1020
434554,204,Snakeman,354,706,1020
427261,204,Snakeman,348,709,1020
417397,204,Snakeman,353,702,1020
416048,204,Snakeman,356,704,1020
423889,204,Snakeman,359,701,1020
419026,204,Snakeman,380,705,1020
430172,204,Snakeman,380,710,1020
438835,204,Snakeman,368,709,1020
420674,204,Snakeman,340,702,1020
422448,204,Snakeman,334,694,1020
418657,204,Snakeman,339,689,1020
405757,204,Snakeman,339,686,1020
423075,204,Snakeman,337,698,1020
413639,204,Snakeman,342,686,1020
425348,204,Snakeman,376,696,1020
434034,204,Snakeman,333,684,1020
421105,204,Snakeman,335,684,1020
407618,204,Snakeman,325,690,1020
405526,204,Snakeman,323,689,1020
436392,204,Snakeman,323,679,1020
405775,204,Snakeman,317,681,1020
432605,204,Snakeman,323,670,1020
404681,204,Snakeman,323,667,1020
413620,204,Snakeman,318,669,1020
419005,204,Snakeman,308,677,1020
419022,204,Snakeman,339,671,1020
423091,204,Snakeman,346,680,1020
415264,204,Snakeman,295,664,1020
426467,204,Snakeman,312,661,1020
405825,204,Snakeman,341,666,1020
420636,204,Snakeman,286,649,1020
416600,204,Snakeman,287,638,1020
426073,204,Snakeman,293,646,1020
425286,204,Snakeman,281,639,1020
437790,204,Snakeman,264,613,1020
416149,204,Snakeman,266,618,1020
435841,204,Snakeman,264,619,1020
426868,204,Snakeman,270,612,1020
423115,204,Snakeman,286,626,1020
416275,204,Snakeman,237,606,1020
413725,204,Snakeman,270,609,1020
406657,204,Snakeman,236,602,1020
418994,204,Snakeman,274,598,1020
423031,204,Snakeman,278,603,1020
419082,204,Snakeman,221,591,1020
436922,204,Snakeman,228,584,1020
400801,204,Snakeman,222,589,1020
422096,204,Snakeman,251,593,1020
417089,204,Snakeman,247,592,1020
426767,204,Snakeman,253,588,1020
426815,204,Snakeman,264,591,1020
420337,204,Snakeman,263,588,1020
416140,204,Snakeman,259,582,1020
441401,204,Snakeman,211,559,1020
437563,204,Snakeman,237,565,1020
429939,204,Snakeman,191,542,1020
417011,204,Snakeman,213,550,1020
420625,204,Snakeman,202,541,1020
405505,204,Snakeman,174,541,1020
417521,204,Snakeman,178,547,1020
417520,204,Snakeman,174,533,1020
414655,204,Snakeman,174,523,1020
417519,204,Snakeman,161,528,1020
414654,204,Snakeman,166,504,1020
433102,204,Snakeman,192,522,1020
410960,204,Snakeman,184,524,1020
420582,204,Snakeman,180,530,1020
405506,204,Snakeman,163,523,1020
405500,204,Snakeman,144,513,1020
405501,204,Snakeman,154,506,1020
405557,204,Snakeman,151,512,1020
414656,204,Snakeman,153,509,1020
422196,204,Snakeman,154,516,1020
414653,204,Snakeman,174,514,1020
421441,204,Snakeman,182,512,1020
406834,204,Snakeman,191,514,1020
421458,204,Snakeman,142,499,1020
422219,204,Snakeman,141,490,1020
405502,204,Snakeman,141,486,1020
405552,204,Snakeman,143,492,1020
442055,204,Snakeman,150,499,1020
405504,204,Snakeman,171,506,1020
421449,204,Snakeman,136,494,1020
416665,204,Snakeman,130,491,1020
422217,204,Snakeman,161,494,1020
405558,204,Snakeman,173,488,1020
414280,204,Snakeman,175,494,1020
421454,204,Snakeman,116,485,1020
421457,204,Snakeman,147,485,1020
415294,204,Snakeman,127,487,1020
405498,204,Snakeman,116,473,1020
405503,204,Snakeman,150,478,1020
405554,204,Snakeman,147,479,1020
405553,204,Snakeman,151,471,1020
405496,204,Snakeman,105,465,1020
405497,204,Snakeman,105,465,1020
421439,204,Snakeman,107,453,1020
434663,204,Snakeman,125,461,1020
405555,204,Snakeman,137,464,1020
422213,204,Snakeman,84,450,1020
421341,204,Snakeman,84,437,1020
421339,204,Snakeman,88,437,1020
405551,204,Snakeman,103,446,1020
421443,204,Snakeman,106,445,1020
405550,204,Snakeman,120,442,1020
405562,204,Snakeman,96,436,1020
413233,204,Snakeman,95,439,1020
423133,204,Snakeman,98,432,1020
421450,204,Snakeman,114,440,1020
421455,204,Snakeman,112,433,1020
405495,204,Snakeman,69,434,1020
422211,204,Snakeman,61,423,1020
421340,204,Snakeman,72,425,1020
421338,204,Snakeman,87,431,1020
405494,204,Snakeman,96,430,1020
422203,204,Snakeman,101,426,1020
422204,204,Snakeman,97,426,1020
405493,204,Snakeman,63,419,1020
422202,204,Snakeman,58,422,1020
421459,204,Snakeman,56,417,1020
405492,204,Snakeman,58,416,1020
405547,204,Snakeman,74,420,1020
421453,204,Snakeman,84,416,1020
405544,204,Snakeman,61,409,1020
405491,204,Snakeman,40,395,1020
422214,204,Snakeman,36,380,1020
405489,204,Snakeman,56,394,1020
405545,204,Snakeman,66,397,1020
405488,204,Snakeman,32,388,1020
405490,204,Snakeman,20,388,1020
422220,204,Snakeman,28,380,1020
416413,204,Snakeman,32,391,1020
423127,204,Snakeman,53,390,1020
422216,204,Snakeman,53,387,1020
405546,204,Snakeman,82,398,1020
422210,204,Snakeman,92,405,1020
422198,204,Snakeman,103,408,1020
418347,204,Snakeman,114,400,1020
414841,204,Snakeman,114,405,1020
423123,204,Snakeman,114,403,1020
405600,204,Snakeman,127,412,1020
421444,204,Snakeman,126,430,1020
405499,204,Snakeman,127,448,1020
405605,204,Snakeman,137,446,1020
405603,204,Snakeman,128,432,1020
405548,204,Snakeman,136,424,1020
405549,204,Snakeman,136,421,1020
423131,204,Snakeman,132,423,1020
422212,204,Snakeman,147,468,1020
421436,204,Snakeman,151,459,1020
421442,204,Snakeman,151,461,1020
405607,204,Snakeman,157,465,1020
422207,204,Snakeman,166,475,1020
405611,204,Snakeman,165,477,1020
405608,204,Snakeman,177,480,1020
417630,204,Snakeman,188,489,1020
421349,204,Snakeman,188,487,1020
416081,204,Snakeman,195,507,1020
415419,204,Snakeman,205,514,1020
437187,204,Snakeman,211,524,1020
431274,204,Snakeman,210,528,1020
422155,204,Snakeman,227,513,1020
435115,204,Snakeman,224,531,1020
438759,204,Snakeman,227,531,1020
417197,204,Snakeman,230,518,1020
433299,404,CrazySnake,242,511,1020
434087,204,Snakeman,247,533,1020
416344,204,Snakeman,238,538,1020
420573,204,Snakeman,248,530,1020
437194,204,Snakeman,253,533,1020
430891,604,SnakemanL63,259,528,1020
436244,404,HeresySnakeman,257,523,1020
405620,204,Snakeman,258,538,1020
420612,204,Snakeman,257,570,1020
419509,204,Snakeman,261,533,1020
401445,244,SnakemanKing,261,542,1020
406634,244,SnakemanMsgr,271,533,1020
413899,404,HeresySnakeman,270,550,1020
436923,604,SnakemanL63,265,545,1020
414718,204,Snakeman,270,581,1020
415142,604,SnakemanL63,279,550,1020
414536,204,Snakeman,284,585,1020
416938,204,Snakeman,305,595,1020
401121,204,Snakeman,304,604,1020
415084,204,Snakeman,297,561,1020
405476,204,Snakeman,323,604,1020
422033,204,Snakeman,335,624,1020
420350,204,Snakeman,320,626,1020
435530,204,Snakeman,329,645,1020
406487,204,Snakeman,335,643,1020
426827,204,Snakeman,342,632,1020
427245,204,Snakeman,351,664,1020
407537,204,Snakeman,382,617,1020
428788,204,Snakeman,378,636,1020
421329,204,Snakeman,373,633,1020
421153,204,Snakeman,377,639,1020
405473,204,Snakeman,391,634,1020
414814,204,Snakeman,387,633,1020
417891,204,Snakeman,387,649,1020
416439,204,Snakeman,362,667,1020
432777,204,Snakeman,366,671,1020
405743,204,Snakeman,394,647,1020
419507,204,Snakeman,395,643,1020
419708,204,Snakeman,397,673,1020
419691,204,Snakeman,396,683,1020
422955,204,Snakeman,395,649,1020
413669,204,Snakeman,376,681,1020
441847,204,Snakeman,398,685,1020
434607,204,Snakeman,384,693,1020
405695,204,Snakeman,381,691,1020
442487,204,Snakeman,379,694,1020
416187,204,Snakeman,408,652,1020
413888,204,Snakeman,391,696,1020
431822,204,Snakeman,422,674,1020
418901,204,Snakeman,420,679,1020
419098,204,Snakeman,419,667,1020
405707,204,Snakeman,425,715,1020
416909,204,Snakeman,431,685,1020
433298,204,Snakeman,432,676,1020
419499,204,Snakeman,449,707,1020
435202,204,Snakeman,430,724,1020
405632,204,Snakeman,436,695,1020
415838,204,Snakeman,439,689,1020
418370,204,Snakeman,438,692,1020
417359,204,Snakeman,443,690,1020
405778,204,Snakeman,422,737,1020
408757,204,Snakeman,451,737,1020
421346,204,Snakeman,436,747,1020
422192,204,Snakeman,469,737,1020
415194,105,LapidatingMob,471,768,1020
433056,204,Snakeman,476,731,1020
433839,204,Snakeman,481,745,1020
414559,105,LapidatingMob,477,769,1020
413696,105,LapidatingMob,480,774,1020
421351,204,Snakeman,489,746,1020
414481,105,LapidatingMob,500,780,1020
437005,204,Snakeman,482,785,1020
413686,105,LapidatingMob,470,783,1020
414475,105,LapidatingMob,494,768,1020
421386,204,Snakeman,493,790,1020
436781,105,LapidatingMob,506,770,1020
414477,105,LapidatingMob,507,775,1020
405625,105,LapidatingMob,514,785,1020
421301,204,Snakeman,484,721,1020
405709,204,Snakeman,488,728,1020
421300,204,Snakeman,497,728,1020
421298,204,Snakeman,497,714,1020
432509,204,Snakeman,462,707,1020
417346,204,Snakeman,463,705,1020
416121,204,Snakeman,466,710,1020
442181,204,Snakeman,480,701,1020
405752,204,Snakeman,487,710,1020
405750,204,Snakeman,490,707,1020
405712,204,Snakeman,480,710,1020
421299,204,Snakeman,504,710,1020
401448,204,Snakeman,483,692,1020
437472,204,Snakeman,485,690,1020
416597,204,Snakeman,478,679,1020
418581,204,Snakeman,477,674,1020
433812,204,Snakeman,470,682,1020
416090,204,Snakeman,468,683,1020
416640,204,Snakeman,487,682,1020
405787,204,Snakeman,505,684,1020
432366,204,Snakeman,495,689,1020
405705,204,Snakeman,456,680,1020
405751,204,Snakeman,461,683,1020
422165,204,Snakeman,466,676,1020
422164,204,Snakeman,500,674,1020
422167,204,Snakeman,500,670,1020
421357,204,Snakeman,493,670,1020
434079,204,Snakeman,489,670,1020
435546,204,Snakeman,450,668,1020
432663,204,Snakeman,465,664,1020
416089,204,Snakeman,472,664,1020
421354,204,Snakeman,488,668,1020
421377,204,Snakeman,494,667,1020
426266,204,Snakeman,484,656,1020
422992,204,Snakeman,471,653,1020
411883,204,Snakeman,483,649,1020
422188,204,Snakeman,477,646,1020
415241,204,Snakeman,481,643,1020
423894,204,Snakeman,497,647,1020
421427,204,Snakeman,465,644,1020
442144,204,Snakeman,479,637,1020
419698,204,Snakeman,461,632,1020
419433,204,Snakeman,459,633,1020
413600,204,Snakeman,455,645,1020
418349,204,Snakeman,459,622,1020
416646,204,Snakeman,451,613,1020
421379,204,Snakeman,456,628,1020
416330,204,Snakeman,450,626,1020
417183,204,Snakeman,493,629,1020
430103,204,Snakeman,494,633,1020
415354,204,Snakeman,448,647,1020
420631,204,Snakeman,449,632,1020
415884,204,Snakeman,433,628,1020
417293,204,Snakeman,449,628,1020
421680,204,Snakeman,466,628,1020
408811,204,Snakeman,470,627,1020
421690,204,Snakeman,467,615,1020
419404,204,Snakeman,473,616,1020
415116,204,Snakeman,490,623,1020
416202,204,Snakeman,459,609,1020
413711,204,Snakeman,479,604,1020
435217,204,Snakeman,469,605,1020
419579,204,Snakeman,452,600,1020
407081,204,Snakeman,456,595,1020
431891,604,SnakemanL63,450,597,1020
414897,204,Snakeman,474,599,1020
431367,204,Snakeman,475,596,1020
442323,204,Snakeman,471,601,1020
421688,204,Snakeman,487,595,1020
423129,204,Snakeman,447,594,1020
418659,604,SnakemanL63,434,590,1020
442832,604,SnakemanL63,447,576,1020
434805,604,SnakemanL63,453,578,1020
424210,204,Snakeman,476,591,1020
426829,604,SnakemanL63,444,596,1020
421326,204,Snakeman,437,611,1020
415195,204,Snakeman,444,576,1020
421197,204,Snakeman,435,588,1020
424207,404,HeresySnakeman,439,587,1020
436554,204,Snakeman,438,582,1020
429925,204,Snakeman,476,586,1020
435658,204,Snakeman,443,561,1020
415170,404,HeresySnakeman,446,565,1020
427870,604,SnakemanL63,441,570,1020
416651,204,Snakeman,449,566,1020
426899,404,HeresySnakeman,448,564,1020
426906,204,Snakeman,463,570,1020
435597,204,Snakeman,458,571,1020
434835,204,Snakeman,456,570,1020
417874,204,Snakeman,471,564,1020
417867,204,Snakeman,478,566,1020
418285,604,SnakemanL63,439,573,1020
426838,604,SnakemanL63,428,595,1020
418332,204,Snakeman,422,568,1020
416608,604,SnakemanL63,429,559,1020
427611,604,SnakemanL63,429,566,1020
438870,604,SnakemanL63,429,575,1020
425269,604,SnakemanL63,429,571,1020
441145,204,Snakeman,424,555,1020
413770,604,SnakemanL63,418,553,1020
417554,604,SnakemanL63,426,557,1020
431806,604,SnakemanL63,431,555,1020
428741,204,Snakeman,430,557,1020
437190,204,Snakeman,434,555,1020
436447,404,HeresySnakeman,447,555,1020
435798,604,SnakemanL63,442,552,1020
431241,244,SnakemanMsgr,437,552,1020
416460,204,Snakeman,471,544,1020
427626,604,SnakemanL63,449,546,1020
436883,604,SnakemanL63,448,527,1020
421414,604,SnakemanL63,447,536,1020
416302,204,Snakeman,461,537,1020
406699,204,Snakeman,447,547,1020
405857,204,Snakeman,437,546,1020
417878,204,Snakeman,436,548,1020
430888,604,SnakemanL63,446,549,1020
416043,204,Snakeman,445,526,1020
438967,604,SnakemanL63,427,548,1020
415979,604,SnakemanL63,433,529,1020
436397,204,Snakeman,422,551,1020
410681,604,SnakemanL63,423,544,1020
405610,604,SnakemanL63,420,547,1020
418575,204,Snakeman,424,532,1020
437918,204,Snakeman,420,520,1020
414142,604,SnakemanL63,448,516,1020
438363,404,HeresySnakeman,438,517,1020
406550,604,SnakemanL63,445,514,1020
408286,604,SnakemanL63,444,512,1020
406660,204,Snakeman,450,517,1020
414526,604,SnakemanL63,451,515,1020
405826,204,Snakeman,436,508,1020
417017,204,Snakeman,447,506,1020
415462,604,SnakemanL63,450,507,1020
426136,204,Snakeman,430,512,1020
433293,404,HeresySnakeman,427,506,1020
420446,244,SnakemanMsgr,425,494,1020
437594,244,SnakemanAide,427,502,1020
436881,404,HeresySnakeman,439,500,1020
434365,604,SnakemanL63,443,500,1020
426060,604,SnakemanL63,448,503,1020
416201,604,SnakemanL63,441,497,1020
432510,204,Snakeman,411,537,1020
439916,604,SnakemanL63,410,531,1020
433827,604,SnakemanL63,413,528,1020
432776,604,SnakemanL63,407,514,1020
419545,204,Snakeman,413,512,1020
440897,204,Snakeman,398,488,1020
417254,404,HeresySnakeman,407,497,1020
436391,244,SnakemanAide,398,492,1020
421307,604,SnakemanL63,407,500,1020
416945,604,SnakemanL63,401,495,1020
418429,204,Snakeman,416,494,1020
433591,404,HeresySnakeman,439,492,1020
417506,604,SnakemanL63,408,485,1020
405856,204,Snakeman,447,481,1020
414966,604,SnakemanL63,445,482,1020
419500,604,SnakemanL63,447,468,1020
439811,604,SnakemanL63,450,488,1020
405842,204,Snakeman,437,478,1020
433099,404,HeresySnakeman,451,474,1020
416210,604,SnakemanL63,412,464,1020
438934,604,SnakemanL63,425,465,1020
434346,604,SnakemanL63,414,465,1020
413671,604,SnakemanL63,417,462,1020
426460,204,Snakeman,447,465,1020
406494,204,Snakeman,449,466,1020
431742,204,Snakeman,406,476,1020
415144,204,Snakeman,405,483,1020
416616,204,Snakeman,429,462,1020
413895,604,SnakemanL63,442,457,1020
400918,204,Snakeman,437,458,1020
434375,404,HeresySnakeman,443,460,1020
426016,204,Snakeman,444,454,1020
407534,604,SnakemanL63,400,475,1020
436654,244,SnakemanMsgr,393,469,1020
406735,244,SnakemanAide,384,484,1020
439493,204,Snakeman,393,454,1020
433246,204,Snakeman,390,491,1020
414854,204,Snakeman,387,497,1020
435719,604,SnakemanL63,384,501,1020
417034,604,SnakemanL63,389,496,1020
442506,404,HeresySnakeman,388,503,1020
419630,404,HeresySnakeman,386,480,1020
417865,204,Snakeman,374,495,1020
434903,244,SnakemanMsgr,374,501,1020
426840,204,Snakeman,382,477,1020
441955,204,Snakeman,386,504,1020
421831,244,SnakemanAide,400,497,1020
417504,404,HeresySnakeman,396,513,1020
419626,604,SnakemanL63,402,507,1020
435769,204,Snakeman,396,506,1020
434141,204,Snakeman,383,505,1020
405777,604,SnakemanL63,399,517,1020
416170,604,SnakemanL63,394,517,1020
417275,604,SnakemanL63,390,522,1020
442525,604,SnakemanL63,395,528,1020
421783,604,SnakemanL63,379,520,1020
405765,604,SnakemanL63,404,542,1020
426951,204,Snakeman,397,534,1020
409826,604,SnakemanL63,397,532,1020
419744,244,SnakemanKing,394,550,1020
405848,204,Snakeman,395,539,1020
427819,204,Snakeman,386,533,1020
440800,204,Snakeman,389,536,1020
406629,604,SnakemanL63,418,544,1020
415966,604,SnakemanL63,418,547,1020
400897,604,SnakemanL63,414,548,1020
405843,604,SnakemanL63,412,555,1020
416582,204,Snakeman,415,562,1020
415451,204,Snakeman,411,563,1020
438793,204,Snakeman,405,558,1020
416663,604,SnakemanL63,398,562,1020
417027,204,Snakeman,406,556,1020
416603,204,Snakeman,408,556,1020
415094,204,Snakeman,420,568,1020
414298,204,Snakeman,405,567,1020
416674,604,SnakemanL63,409,569,1020
442010,244,SnakemanKing,402,566,1020
405740,404,HeresySnakeman,406,571,1020
406696,204,Snakeman,390,573,1020
436601,204,Snakeman,378,532,1020
442728,604,SnakemanL63,386,580,1020
421181,604,SnakemanL63,381,570,1020
415313,604,SnakemanL63,399,583,1020
414534,204,Snakeman,414,594,1020
422412,604,SnakemanL63,416,593,1020
417513,244,SnakemanKing,411,597,1020
500016,153,TitanL77,400,587,1020
500038,153,TitanL75,401,590,1020
415365,204,Snakeman,390,601,1020
428904,204,Snakeman,392,604,1020
441579,204,Snakeman,388,608,1020
415346,204,Snakeman,387,593,1020
431726,204,Snakeman,391,591,1020
417177,204,Snakeman,384,602,1020
432072,204,Snakeman,383,611,1020
428901,204,Snakeman,377,588,1020
425342,204,Snakeman,376,575,1020
427826,204,Snakeman,381,592,1020
421071,204,Snakeman,372,607,1020
405685,204,Snakeman,391,617,1020
421416,204,Snakeman,387,616,1020
422190,204,Snakeman,395,619,1020
417897,204,Snakeman,391,621,1020
419427,204,Snakeman,406,617,1020
417367,204,Snakeman,396,616,1020
440600,204,Snakeman,397,619,1020
429935,204,Snakeman,400,626,1020
433343,204,Snakeman,399,629,1020
434969,204,Snakeman,425,614,1020
442499,204,Snakeman,420,623,1020
405614,604,SnakemanL63,427,614,1020
408840,204,Snakeman,423,632,1020
421474,204,Snakeman,424,638,1020
434987,204,Snakeman,402,643,1020
406585,204,Snakeman,422,666,1020
424216,204,Snakeman,426,657,1020
415137,204,Snakeman,447,673,1020
416234,204,Snakeman,458,702,1020
400891,204,Snakeman,445,695,1020
400895,604,SnakemanL63,372,488,1020
416641,404,HeresySnakeman,370,487,1020
432922,244,SnakemanMsgr,367,482,1020
408827,604,SnakemanL63,377,467,1020
418264,244,SnakemanAide,370,467,1020
405626,204,Snakeman,364,460,1020
415210,204,Snakeman,366,443,1020
436467,204,Snakeman,386,442,1020
413908,604,SnakemanL63,349,472,1020
426847,204,Snakeman,352,461,1020
406757,204,Snakeman,352,437,1020
429928,204,Snakeman,342,496,1020
438350,204,Snakeman,345,453,1020
426151,204,Snakeman,365,507,1020
405724,204,Snakeman,353,507,1020
414662,204,Snakeman,345,511,1020
421290,604,SnakemanL63,355,515,1020
438844,204,Snakeman,373,528,1020
414577,604,SnakemanL63,370,542,1020
414785,244,SnakemanAide,346,534,1020
413645,404,HeresySnakeman,350,546,1020
416431,204,Snakeman,360,558,1020
430880,204,Snakeman,361,556,1020
407655,604,SnakemanL63,370,557,1020
417869,204,Snakeman,352,578,1020
433278,204,Snakeman,355,576,1020
405471,204,Snakeman,363,592,1020
415145,204,Snakeman,365,590,1020
417524,204,Snakeman,367,590,1020
438435,204,Snakeman,350,588,1020
400898,204,Snakeman,349,585,1020
440272,204,Snakeman,345,587,1020
419085,604,SnakemanL63,341,553,1020
426148,604,SnakemanL63,362,594,1020
434990,604,SnakemanL63,367,595,1020
414939,204,Snakeman,352,608,1020
434146,204,Snakeman,345,605,1020
433390,204,Snakeman,347,666,1020
416131,204,Snakeman,332,582,1020
426261,204,Snakeman,338,576,1020
419010,204,Snakeman,326,571,1020
434358,204,Snakeman,338,574,1020
415349,204,Snakeman,336,563,1020
406818,204,Snakeman,325,574,1020
426495,204,Snakeman,327,574,1020
442192,204,Snakeman,331,553,1020
422682,604,SnakemanL63,332,528,1020
442034,404,HeresySnakeman,327,512,1020
434997,604,SnakemanL63,324,512,1020
436470,604,SnakemanL63,334,505,1020
440107,204,Snakeman,326,490,1020
436343,244,SnakemanKing,340,489,1020
401333,204,Snakeman,320,480,1020
421277,204,Snakeman,321,473,1020
439453,204,Snakeman,315,477,1020
431802,204,Snakeman,335,475,1020
405881,204,Snakeman,334,458,1020
432602,204,Snakeman,326,448,1020
405888,204,Snakeman,328,449,1020
414900,204,Snakeman,338,453,1020
405820,204,Snakeman,332,433,1020
405818,204,Snakeman,341,442,1020
421764,204,Snakeman,296,437,1020
433826,204,Snakeman,301,433,1020
438735,204,Snakeman,299,448,1020
417885,204,Snakeman,295,432,1020
405791,204,Snakeman,293,436,1020
417201,204,Snakeman,293,433,1020
442568,604,SnakemanL63,301,477,1020
442161,604,SnakemanL63,294,488,1020
432976,204,Snakeman,303,481,1020
421332,204,Snakeman,320,501,1020
431734,604,SnakemanL63,314,502,1020
435643,604,SnakemanL63,311,495,1020
433066,244,SnakemanMsgr,314,499,1020
426081,244,SnakemanMsgr,300,502,1020
418357,404,HeresySnakeman,320,514,1020
422450,604,SnakemanL63,308,509,1020
420614,204,Snakeman,292,516,1020
432609,604,SnakemanL63,299,509,1020
406941,244,SnakemanKing,302,510,1020
421208,604,SnakemanL63,299,517,1020
416761,204,Snakeman,295,515,1020
442180,604,SnakemanL63,320,526,1020
426140,244,SnakemanAide,308,530,1020
422410,604,SnakemanL63,318,526,1020
415207,604,SnakemanL63,302,529,1020
423097,204,Snakeman,301,526,1020
419557,204,Snakeman,293,540,1020
441758,604,SnakemanL63,296,541,1020
440146,204,Snakeman,300,536,1020
417157,204,Snakeman,304,535,1020
434390,404,HeresySnakeman,290,539,1020
417044,604,SnakemanL63,291,533,1020
435855,204,Snakeman,293,536,1020
419658,604,SnakemanL63,288,535,1020
434385,604,SnakemanL63,290,537,1020
405730,604,SnakemanL63,306,532,1020
423098,204,Snakeman,311,533,1020
420187,204,Snakeman,313,550,1020
421679,204,Snakeman,294,549,1020
404704,204,Snakeman,301,553,1020
424235,204,Snakeman,292,551,1020
421228,204,Snakeman,304,547,1020
416475,204,Snakeman,304,551,1020
416626,204,Snakeman,299,557,1020
435362,604,SnakemanL63,294,556,1020
426897,204,Snakeman,319,581,1020
434082,204,Snakeman,323,589,1020
406522,604,SnakemanL63,281,539,1020
405796,604,SnakemanL63,281,537,1020
401092,404,HeresySnakeman,282,533,1020
417191,204,Snakeman,287,528,1020
441986,404,HeresySnakeman,263,512,1020
433853,604,SnakemanL63,262,509,1020
435065,604,SnakemanL63,268,509,1020
401272,604,SnakemanL63,262,517,1020
439239,604,SnakemanL63,261,512,1020
419685,604,SnakemanL63,264,510,1020
417171,404,HeresySnakeman,275,509,1020
432628,604,SnakemanL63,272,517,1020
406654,604,SnakemanL63,270,511,1020
438460,604,SnakemanL63,260,508,1020
406707,604,SnakemanL63,265,507,1020
437308,604,SnakemanL63,259,506,1020
427789,604,SnakemanL63,261,505,1020
433334,604,SnakemanL63,265,503,1020
406662,204,Snakeman,249,500,1020
400900,204,Snakeman,236,497,1020
421830,604,SnakemanL63,250,496,1020
434357,404,HeresySnakeman,256,496,1020
441883,244,SnakemanAide,270,496,1020
415275,604,SnakemanL63,247,493,1020
418373,204,Snakeman,246,489,1020
442395,604,SnakemanL63,239,491,1020
431547,604,SnakemanL63,244,482,1020
434880,604,SnakemanL63,245,485,1020
417864,204,Snakeman,285,494,1020
405798,204,Snakeman,272,486,1020
433364,604,SnakemanL63,258,493,1020
422305,604,SnakemanL63,255,493,1020
438312,204,Snakeman,253,494,1020
415287,404,HeresySnakeman,253,490,1020
435768,604,SnakemanL63,251,473,1020
421284,604,SnakemanL63,264,479,1020
434171,404,HeresySnakeman,283,475,1020
406928,604,SnakemanL63,284,471,1020
437133,204,Snakeman,244,464,1020
408816,604,SnakemanL63,264,461,1020
405718,204,Snakeman,236,456,1020
426468,604,SnakemanL63,236,458,1020
442586,204,Snakeman,263,459,1020
414948,204,Snakeman,255,455,1020
421331,204,Snakeman,247,442,1020
423896,204,Snakeman,241,439,1020
405780,204,Snakeman,243,443,1020
437479,604,SnakemanL63,241,443,1020
405720,204,Snakeman,245,430,1020
416305,204,Snakeman,281,429,1020
405618,204,Snakeman,270,435,1020
422178,204,Snakeman,268,436,1020
405754,204,Snakeman,247,420,1020
405756,204,Snakeman,235,423,1020
405753,204,Snakeman,253,424,1020
421336,204,Snakeman,232,439,1020
417026,204,Snakeman,225,439,1020
421334,204,Snakeman,229,440,1020
417707,204,Snakeman,226,441,1020
421337,204,Snakeman,228,436,1020
405755,204,Snakeman,227,417,1020
421335,204,Snakeman,233,424,1020
417098,204,Snakeman,220,469,1020
416026,204,Snakeman,224,464,1020
416183,204,Snakeman,223,478,1020
409500,204,Snakeman,219,477,1020
433823,204,Snakeman,233,491,1020
416469,204,Snakeman,214,496,1020
422208,204,Snakeman,208,503,1020
400907,204,Snakeman,200,483,1020
435144,204,Snakeman,202,491,1020
438948,204,Snakeman,195,493,1020
434986,204,Snakeman,213,467,1020
425296,204,Snakeman,202,472,1020
423121,204,Snakeman,168,457,1020
421437,204,Snakeman,167,453,1020
423126,204,Snakeman,199,452,1020
422205,204,Snakeman,174,445,1020
405714,204,Snakeman,191,440,1020
417298,204,Snakeman,194,440,1020
405713,204,Snakeman,205,439,1020
405676,204,Snakeman,199,443,1020
405674,204,Snakeman,198,446,1020
423132,204,Snakeman,150,432,1020
422197,204,Snakeman,152,435,1020
405606,204,Snakeman,144,434,1020
422218,204,Snakeman,162,430,1020
405671,204,Snakeman,166,429,1020
405673,204,Snakeman,188,429,1020
423134,204,Snakeman,187,435,1020
405670,204,Snakeman,182,437,1020
423125,204,Snakeman,151,422,1020
422200,204,Snakeman,174,424,1020
423122,204,Snakeman,170,420,1020
423128,204,Snakeman,167,420,1020
405669,204,Snakeman,152,408,1020
421440,204,Snakeman,155,410,1020
421447,204,Snakeman,151,411,1020
405602,204,Snakeman,145,411,1020
405715,204,Snakeman,192,407,1020
421451,204,Snakeman,191,405,1020
422206,204,Snakeman,184,404,1020
405604,204,Snakeman,138,432,1020
421435,204,Snakeman,140,427,1020
405672,204,Snakeman,141,411,1020
405601,204,Snakeman,134,398,1020
421456,204,Snakeman,146,441,1020
414671,103,ThunderApe,75,335,1020
414669,103,ThunderApe,73,335,1020
442612,103,ThunderApe,110,333,1020
423110,103,ThunderApe,91,327,1020
437341,103,ThunderApe,125,321,1020
421746,103,ThunderApe,69,337,1020
436814,103,ThunderApe,97,307,1020
442847,103,ThunderApe,110,319,1020
422458,103,ThunderApe,120,320,1020
441041,103,ThunderApe,97,305,1020
434580,103,ThunderApe,146,349,1020
435821,103,ThunderApe,150,354,1020
442104,103,ThunderApe,144,345,1020
436427,103,ThunderApe,158,356,1020
430214,103,ThunderApe,173,306,1020
414490,103,ThunderApe,176,307,1020
420344,103,ThunderApe,186,309,1020
420444,103,ThunderApe,180,325,1020
430109,103,ThunderApe,201,314,1020
422121,103,ThunderApe,201,337,1020
416319,103,ThunderApe,198,327,1020
405465,103,ThunderApe,201,346,1020
422490,103,ThunderApe,203,318,1020
403507,103,ThunderApe,212,322,1020
436354,103,ThunderApe,204,323,1020
431704,103,ThunderApe,202,307,1020
406813,103,ThunderApe,209,318,1020
421077,103,ThunderApe,208,322,1020
422029,103,ThunderApe,210,323,1020
415418,103,ThunderApe,206,334,1020
421304,503,ThunderApeL58,208,337,1020
438916,103,ThunderApe,212,332,1020
415044,103,ThunderApeMsgr,206,328,1020
412094,103,ThunderApeAide,205,330,1020
422026,103,ThunderApe,206,344,1020
426153,103,ThunderApe,205,349,1020
419645,503,ThunderApeL58,219,320,1020
406828,103,ThunderApeKing,221,335,1020
414967,503,ThunderApeL58,221,337,1020
407663,503,ThunderApeL58,221,325,1020
418453,503,ThunderApeL58,217,331,1020
419622,103,ThunderApe,223,333,1020
419631,103,ThunderApe,231,317,1020
419881,103,ThunderApe,225,310,1020
436958,503,ThunderApeL58,224,307,1020
423887,503,ThunderApeL58,230,339,1020
433205,503,ThunderApeL58,263,338,1020
419028,103,ThunderApe,266,340,1020
436648,103,ThunderApe,268,330,1020
415222,503,ThunderApeL58,269,342,1020
400826,103,ThunderApe,258,320,1020
407682,103,ThunderApe,272,341,1020
400816,503,ThunderApeL58,280,340,1020
407672,503,ThunderApeL58,279,330,1020
436429,103,ThunderApe,275,329,1020
416390,103,ThunderApe,276,336,1020
442829,103,ThunderApe,280,327,1020
418967,103,ThunderApe,276,345,1020
425335,103,ThunderApe,290,310,1020
421095,103,ThunderApe,293,319,1020
415187,503,ThunderApeL58,289,321,1020
420572,103,ThunderApe,289,333,1020
414869,103,ThunderApe,291,328,1020
416471,503,ThunderApeL58,292,336,1020
439954,503,ThunderApeL58,293,341,1020
427300,503,ThunderApeL58,302,323,1020
417366,503,ThunderApeL58,303,311,1020
406635,503,ThunderApeL58,295,319,1020
437111,503,ThunderApeL58,303,334,1020
432773,103,ThunderApeMsgr,300,333,1020
421189,103,ThunderApe,305,337,1020
433324,103,ThunderApe,297,325,1020
438933,503,ThunderApeL58,305,335,1020
407658,103,ThunderApe,305,329,1020
430150,503,ThunderApeL58,296,329,1020
420633,503,ThunderApeL58,295,338,1020
428747,103,ThunderApe,304,343,1020
433064,103,ThunderApeMsgr,297,343,1020
417270,503,ThunderApeL58,307,340,1020
419422,103,ThunderApe,307,343,1020
427198,103,ThunderApe,317,333,1020
418625,503,ThunderApeL58,314,340,1020
408857,103,ThunderApe,315,337,1020
433114,503,ThunderApeL58,316,335,1020
434813,103,ThunderApe,312,340,1020
428849,103,ThunderApe,314,344,1020
421175,103,ThunderApe,320,334,1020
408843,503,ThunderApeL58,322,332,1020
417748,103,ThunderApeAide,319,340,1020
413734,103,ThunderApe,331,337,1020
433297,503,ThunderApeL58,325,333,1020
417391,103,ThunderApe,326,324,1020
415049,503,ThunderApeL58,337,329,1020
422986,103,ThunderApe,336,337,1020
407674,503,ThunderApeL58,335,335,1020
440704,503,ThunderApeL58,337,334,1020
416610,503,ThunderApeL58,340,324,1020
436882,503,ThunderApeL58,339,345,1020
441806,503,ThunderApeL58,333,344,1020
421127,503,ThunderApeL58,345,334,1020
438083,503,ThunderApeL58,349,331,1020
439108,103,ThunderApe,344,350,1020
442021,103,ThunderApe,352,352,1020
442170,103,ThunderApe,347,344,1020
417755,103,ThunderApe,352,354,1020
405527,103,ThunderApe,330,318,1020
432909,503,ThunderApeL58,334,318,1020
414566,503,ThunderApeL58,335,321,1020
440610,103,ThunderApeMsgr,328,318,1020
436588,503,ThunderApeL58,341,319,1020
425307,103,ThunderApe,342,323,1020
442103,503,ThunderApeL58,326,312,1020
442796,103,ThunderApe,331,299,1020
421317,103,ThunderApe,327,301,1020
442791,503,ThunderApeL58,333,292,1020
439856,503,ThunderApeL58,348,312,1020
433392,503,ThunderApeL58,343,314,1020
403552,103,ThunderApe,342,306,1020
408699,103,ThunderApe,323,316,1020
439007,103,ThunderApe,317,298,1020
436105,503,ThunderApeL58,322,301,1020
442052,503,ThunderApeL58,321,304,1020
405800,103,ThunderApe,310,291,1020
435167,503,ThunderApeL58,322,294,1020
401171,503,ThunderApeL58,321,292,1020
417799,503,ThunderApeL58,307,298,1020
420131,103,ThunderApe,323,303,1020
421124,103,ThunderApe,336,296,1020
440007,103,ThunderApe,345,297,1020
414902,103,ThunderApe,342,290,1020
426750,503,ThunderApeL58,349,291,1020
417299,103,ThunderApe,347,293,1020
431341,156,GiantApe,434,299,1020
433201,156,GiantApe,432,310,1020
426764,556,GiantApeL53,443,304,1020
433055,156,GiantApe,450,306,1020
426243,156,GiantApe,458,329,1020
406690,156,GiantApe,463,304,1020
422500,156,GiantApe,455,294,1020
400838,556,GiantApeL53,434,286,1020
418990,556,GiantApeL53,458,282,1020
432344,556,GiantApeL53,456,393,1020
409498,556,GiantApeL53,453,395,1020
422022,556,GiantApeL53,499,421,1020
417719,556,GiantApeL53,521,371,1020
401002,156,GiantApe,493,350,1020
402339,556,GiantApeL53,485,332,1020
439443,103,ThunderApeAide,339,273,1020
406591,103,ThunderApe,341,275,1020
416334,103,ThunderApeMsgr,343,278,1020
414833,103,ThunderApe,335,270,1020
415310,103,ThunderApe,316,324,1020
401239,503,ThunderApeL58,319,310,1020
418516,103,ThunderApe,316,311,1020
412631,103,ThunderApe,310,318,1020
416004,503,ThunderApeL58,312,317,1020
417179,103,ThunderApe,316,306,1020
441698,103,ThunderApe,312,303,1020
417526,503,ThunderApeL58,320,305,1020
406910,103,ThunderApe,308,323,1020
433560,503,ThunderApeL58,296,301,1020
417334,503,ThunderApeL58,295,292,1020
426753,103,ThunderApe,296,303,1020
435901,503,ThunderApeL58,295,305,1020
422193,103,ThunderApe,298,288,1020
421249,103,ThunderApe,284,301,1020
441201,503,ThunderApeL58,290,298,1020
431823,103,ThunderApe,289,300,1020
442505,103,ThunderApe,264,304,1020
414941,103,ThunderApe,237,313,1020
406846,303,SnowApe,240,313,1020
417047,103,ThunderApe,201,303,1020
434381,103,ThunderApe,199,302,1020
434075,103,ThunderApe,187,305,1020
440955,103,ThunderApe,179,300,1020
400884,103,ThunderApe,174,289,1020
415389,103,ThunderApe,176,305,1020
418979,103,ThunderApe,183,295,1020
434108,103,ThunderApe,163,293,1020
422495,103,ThunderApe,157,299,1020
413771,103,ThunderApe,157,303,1020
434165,103,ThunderApe,142,292,1020
435527,103,ThunderApe,152,292,1020
420465,103,ThunderApe,115,300,1020
425826,103,ThunderApe,136,304,1020
420524,103,ThunderApe,110,291,1020
413616,103,ThunderApe,124,272,1020
417188,103,ThunderApe,136,270,1020
406489,103,ThunderApe,152,281,1020
431566,103,ThunderApe,147,283,1020
422021,103,ThunderApe,152,270,1020
433702,103,ThunderApe,150,270,1020
416429,103,ThunderApe,158,271,1020
432982,103,ThunderApe,162,281,1020
433842,103,ThunderApe,165,282,1020
424338,103,ThunderApe,166,270,1020
435966,503,ThunderApeL58,166,272,1020
405899,103,ThunderApe,169,275,1020
400733,103,ThunderApe,168,279,1020
405846,103,ThunderApe,170,287,1020
433652,103,ThunderApe,189,280,1020
440279,103,ThunderApe,197,280,1020
405571,103,ThunderApe,216,271,1020
416762,103,ThunderApeAide,244,290,1020
437293,503,ThunderApeL58,324,284,1020
440708,503,ThunderApeL58,310,276,1020
422915,103,ThunderApe,311,278,1020
433660,503,ThunderApeL58,319,285,1020
433180,103,ThunderApe,318,287,1020
442872,103,ThunderApe,305,253,1020
422346,103,ThunderApe,295,263,1020
402303,503,ThunderApeL58,279,263,1020
418375,503,ThunderApeL58,310,266,1020
431880,503,ThunderApeL58,270,254,1020
442851,103,ThunderApe,232,262,1020
420484,103,ThunderApe,232,258,1020
435257,103,ThunderApe,230,258,1020
431301,103,ThunderApe,209,264,1020
419502,103,ThunderApe,206,252,1020
435957,103,ThunderApe,158,264,1020
417527,103,ThunderApe,161,253,1020
436333,103,ThunderApe,163,253,1020
414896,103,ThunderApe,151,257,1020
426275,103,ThunderApe,155,256,1020
412643,103,ThunderApe,155,266,1020
442393,103,ThunderApe,151,267,1020
431342,103,ThunderApe,132,259,1020
418998,103,ThunderApe,128,261,1020
417290,103,ThunderApe,152,243,1020
432582,103,ThunderApe,154,251,1020
422463,103,ThunderApe,152,247,1020
433391,103,ThunderApe,168,239,1020
419425,103,ThunderApe,165,234,1020
436998,103,ThunderApe,163,235,1020
407675,103,ThunderApe,200,249,1020
417870,103,ThunderApe,221,241,1020
432667,103,ThunderApeAide,252,243,1020
433002,103,ThunderApe,254,240,1020
400857,503,ThunderApeL58,252,239,1020
420635,503,ThunderApeL58,271,250,1020
439509,503,ThunderApeL58,292,237,1020
419614,103,ThunderApe,295,242,1020
434371,503,ThunderApeL58,309,248,1020
418963,103,ThunderApeKing,315,237,1020
401144,103,ThunderApe,312,265,1020
416281,503,ThunderApeL58,312,259,1020
426160,103,ThunderApe,317,246,1020
416458,103,ThunderApe,320,251,1020
419027,103,ThunderApe,321,236,1020
402333,103,ThunderApe,314,256,1020
417523,503,ThunderApeL58,318,261,1020
422101,103,ThunderApeMsgr,316,256,1020
406829,503,ThunderApeL58,324,246,1020
415598,103,ThunderApe,330,268,1020
431544,503,ThunderApeL58,333,256,1020
416312,103,ThunderApe,335,264,1020
424258,503,ThunderApeL58,335,267,1020
416261,503,ThunderApeL58,336,256,1020
433111,103,ThunderApeAide,328,255,1020
423094,503,ThunderApeL58,341,244,1020
421415,503,ThunderApeL58,339,242,1020
430929,503,ThunderApeL58,345,251,1020
416459,103,ThunderApe,346,261,1020
433054,503,ThunderApeL58,345,263,1020
434277,503,ThunderApeL58,343,262,1020
430155,103,ThunderApe,349,221,1020
405556,103,ThunderApe,349,250,1020
413877,103,ThunderApe,348,254,1020
423938,503,ThunderApeL58,348,256,1020
434275,503,ThunderApeL58,349,262,1020
415984,503,ThunderApeL58,339,232,1020
419635,103,ThunderApe,335,227,1020
427873,103,ThunderApe,335,226,1020
436124,103,ThunderApe,331,232,1020
407656,503,ThunderApeL58,335,222,1020
432762,503,ThunderApeL58,345,224,1020
426760,503,ThunderApeL58,319,216,1020
432838,103,ThunderApe,333,217,1020
422229,503,ThunderApeL58,335,219,1020
422059,103,ThunderApe,310,223,1020
439232,103,ThunderApe,307,229,1020
442727,503,ThunderApeL58,296,223,1020
435022,103,ThunderApe,293,216,1020
438010,503,ThunderApeL58,299,203,1020
426784,103,ThunderApeKing,297,202,1020
435696,503,ThunderApeL58,288,202,1020
430894,103,ThunderApeKing,279,217,1020
415242,503,ThunderApeL58,279,202,1020
419038,103,ThunderApe,277,201,1020
414496,503,ThunderApeL58,279,215,1020
400682,503,ThunderApeL58,277,213,1020
406777,103,ThunderApe,266,230,1020
415232,103,ThunderApe,265,209,1020
438078,503,ThunderApeL58,264,214,1020
431028,103,ThunderApe,266,200,1020
426769,103,ThunderApe,252,224,1020
435304,503,ThunderApeL58,257,216,1020
437553,103,ThunderApe,241,230,1020
424230,103,ThunderApe,232,219,1020
435165,103,ThunderApe,233,223,1020
431869,103,ThunderApe,231,198,1020
427818,103,ThunderApe,234,220,1020
414904,503,ThunderApeL58,213,232,1020
430920,103,ThunderApe,199,207,1020
415447,103,ThunderApe,223,222,1020
416947,103,ThunderApe,208,225,1020
424239,103,ThunderApe,205,226,1020
415348,103,ThunderApe,201,232,1020
436677,103,ThunderApe,196,231,1020
442858,103,ThunderApe,197,203,1020
418371,103,ThunderApe,191,206,1020
407599,103,ThunderApe,189,202,1020
406655,103,ThunderApe,178,231,1020
437559,103,ThunderApe,181,207,1020
414246,103,ThunderApe,180,217,1020
414906,103,ThunderApe,172,230,1020
406831,103,ThunderApe,166,232,1020
426212,103,ThunderApe,157,231,1020
405609,103,ThunderApe,194,196,1020
414764,103,ThunderApe,203,186,1020
438174,103,ThunderApe,209,180,1020
418412,503,ThunderApeL58,214,184,1020
418322,103,ThunderApe,217,181,1020
427306,103,ThunderApe,228,180,1020
406491,103,ThunderApe,225,186,1020
401058,103,ThunderApe,242,180,1020
442754,503,ThunderApeL58,245,189,1020
435792,503,ThunderApeL58,247,189,1020
415305,503,ThunderApeL58,249,197,1020
411633,503,ThunderApeL58,259,184,1020
408262,503,ThunderApeL58,259,188,1020
405619,103,ThunderApe,263,186,1020
419878,503,ThunderApeL58,273,196,1020
410684,103,ThunderApe,274,180,1020
420191,103,ThunderApe,284,187,1020
415129,503,ThunderApeL58,281,186,1020
433593,503,ThunderApeL58,287,183,1020
414889,103,ThunderApe,294,185,1020
437473,503,ThunderApeL58,301,187,1020
441996,103,ThunderApe,304,190,1020
437512,503,ThunderApeL58,308,180,1020
432870,503,ThunderApeL58,312,187,1020
439429,103,ThunderApe,321,193,1020
435456,503,ThunderApeL58,319,197,1020
415883,503,ThunderApeL58,316,203,1020
422142,503,ThunderApeL58,323,208,1020
442412,103,ThunderApe,336,185,1020
432906,503,ThunderApeL58,347,189,1020
438921,103,ThunderApe,345,180,1020
417260,103,ThunderApe,344,193,1020
439187,503,ThunderApeL58,345,215,1020
435969,503,ThunderApeL58,349,211,1020
432767,103,ThunderApe,338,165,1020
422011,103,ThunderApe,324,169,1020
414991,103,ThunderApe,297,174,1020
425341,103,ThunderApe,304,179,1020
416389,103,ThunderApe,279,156,1020
413082,103,ThunderApe,289,160,1020
417377,103,ThunderApe,255,154,1020
417517,103,ThunderApe,295,154,1020
413735,103,ThunderApe,275,168,1020
435837,103,ThunderApe,257,151,1020
407665,103,ThunderApe,260,146,1020
419638,103,ThunderApe,255,151,1020
434110,103,ThunderApe,252,153,1020
421853,103,ThunderApe,248,162,1020
435523,103,ThunderApe,240,168,1020
418996,103,ThunderApe,229,155,1020
416196,103,ThunderApe,232,158,1020
421113,103,ThunderApe,236,154,1020
417266,103,ThunderApe,225,160,1020
407574,103,ThunderApe,225,154,1020
418658,103,ThunderApe,250,139,1020
437430,103,ThunderApe,260,136,1020
431344,103,ThunderApe,255,135,1020
434559,103,ThunderApe,260,124,1020
438709,103,ThunderApe,262,128,1020
417327,103,ThunderApe,278,132,1020
441866,103,ThunderApe,276,143,1020
442714,103,ThunderApe,270,137,1020
418446,103,ThunderApe,278,142,1020
415424,103,ThunderApe,279,113,1020
416996,103,ThunderApe,287,108,1020
415181,103,ThunderApe,284,117,1020
416562,103,ThunderApe,294,122,1020
441097,103,ThunderApe,292,119,1020
437689,103,ThunderApe,290,118,1020
437745,103,ThunderApe,295,141,1020
424238,103,ThunderApe,299,143,1020
440302,103,ThunderApe,296,148,1020
427184,103,ThunderApe,303,119,1020
423140,103,ThunderApe,308,119,1020
430901,103,ThunderApe,307,109,1020
436303,103,ThunderApe,311,130,1020
428685,103,ThunderApe,309,143,1020
433174,103,ThunderApe,317,156,1020
405688,103,ThunderApe,322,135,1020
426490,103,ThunderApe,332,128,1020
442125,103,ThunderApe,332,156,1020
435917,103,ThunderApe,339,135,1020
419588,103,ThunderApe,334,154,1020
424267,103,ThunderApe,343,141,1020
414795,103,ThunderApe,343,139,1020
432907,103,ThunderApe,344,150,1020
415353,103,ThunderApe,354,163,1020
422228,103,ThunderApe,338,123,1020
424268,103,ThunderApe,342,121,1020
417742,103,ThunderApe,344,123,1020
415085,103,ThunderApe,322,112,1020
417618,103,ThunderApe,322,114,1020
432626,103,ThunderApe,332,114,1020
420451,103,ThunderApe,338,114,1020
415961,103,ThunderApe,325,111,1020
428687,103,ThunderApe,327,119,1020
429883,103,ThunderApe,339,110,1020
430180,103,ThunderApe,319,107,1020
418363,103,ThunderApe,317,106,1020
416014,103,ThunderApe,339,106,1020
405725,103,ThunderApe,327,107,1020
426488,103,ThunderApe,328,104,1020
416426,103,ThunderApe,336,101,1020
421383,204,Snakeman,117,454,1020
407568,204,Snakeman,120,477,1020
415391,204,Snakeman,155,485,1020
417360,204,Snakeman,162,450,1020
405581,204,Snakeman,166,502,1020
418259,204,Snakeman,151,495,1020
419619,204,Snakeman,207,482,1020
417156,204,Snakeman,192,524,1020
442014,204,Snakeman,233,547,1020
403538,204,Snakeman,215,549,1020
414979,204,Snakeman,218,555,1020
414769,204,Snakeman,261,572,1020
417619,204,Snakeman,254,571,1020
436831,204,Snakeman,239,581,1020
418459,204,Snakeman,263,593,1020
433221,204,Snakeman,256,605,1020
433159,204,Snakeman,242,599,1020
417647,204,Snakeman,285,606,1020
433666,204,Snakeman,278,602,1020
414835,204,Snakeman,271,621,1020
414953,204,Snakeman,287,627,1020
423162,204,Snakeman,283,621,1020
436961,204,Snakeman,261,621,1020
433052,204,Snakeman,292,591,1020
414937,204,Snakeman,289,626,1020
417084,204,Snakeman,270,634,1020
406706,204,Snakeman,309,647,1020
417373,204,Snakeman,314,638,1020
437747,204,Snakeman,340,648,1020
421130,204,Snakeman,290,660,1020
433279,204,Snakeman,326,666,1020
420122,204,Snakeman,347,668,1020
435535,204,Snakeman,349,685,1020
427836,204,Snakeman,357,651,1020
433485,204,Snakeman,325,695,1020
441700,204,Snakeman,366,696,1020
419646,204,Snakeman,347,702,1020
436370,204,Snakeman,360,706,1020
402369,204,Snakeman,379,683,1020
418754,204,Snakeman,384,672,1020
401128,204,Snakeman,383,697,1020
422326,204,Snakeman,378,687,1020
442005,204,Snakeman,384,717,1020
422939,204,Snakeman,365,726,1020
417336,204,Snakeman,372,731,1020
405467,204,Snakeman,385,744,1020
418430,204,Snakeman,400,748,1020
438200,204,Snakeman,390,749,1020
405896,204,Snakeman,427,771,1020
435071,204,Snakeman,441,756,1020
407632,204,Snakeman,439,758,1020
420450,204,Snakeman,417,765,1020
429917,204,Snakeman,445,783,1020
436621,204,Snakeman,436,785,1020
416925,204,Snakeman,484,781,1020
408249,204,Snakeman,458,806,1020
433039,204,Snakeman,454,803,1020
416301,204,Snakeman,493,811,1020
417246,204,Snakeman,495,803,1020
427057,105,LapidatingMob,538,862,1020
433068,232,Vulture,580,814,1020
415011,232,Vulture,583,818,1020
426253,232,Vulture,590,840,1020
420879,232,Vulture,582,828,1020
432426,232,Vulture,608,815,1020
416130,232,Vulture,584,805,1020
432611,232,Vulture,602,803,1020
422454,232,Vulture,625,804,1020
416474,232,Vulture,616,803,1020
437644,232,Vulture,619,803,1020
414721,232,Vulture,582,793,1020
416157,232,Vulture,622,794,1020
425343,232,Vulture,602,794,1020
426447,232,Vulture,599,796,1020
435646,232,Vulture,600,794,1020
435892,232,Vulture,598,792,1020
433675,232,Vulture,577,785,1020
441017,232,Vulture,577,787,1020
416006,232,Vulture,617,780,1020
415113,232,Vulture,575,807,1020
432404,232,Vulture,570,772,1020
426931,232,Vulture,574,766,1020
433629,232,Vulture,609,776,1020
420681,232,Vulture,593,777,1020
432514,232,Vulture,569,763,1020
434711,232,Vulture,586,767,1020
433725,232,Vulture,584,768,1020
416037,232,Vulture,591,768,1020
434033,232,Vulture,596,767,1020
418408,232,Vulture,568,781,1020
435218,156,Macaque,592,745,1020
405922,156,Macaque,573,732,1020
433286,156,Macaque,565,731,1020
437952,156,Macaque,590,732,1020
432526,156,Macaque,606,731,1020
428743,156,Macaque,598,730,1020
426214,156,Macaque,569,725,1020
401168,156,Macaque,579,724,1020
430870,156,Macaque,611,722,1020
419094,156,Macaque,576,702,1020
419480,156,Macaque,597,700,1020
432862,156,Macaque,575,697,1020
421380,156,Macaque,586,687,1020
428900,156,Macaque,566,670,1020
434117,156,Macaque,575,670,1020
433165,156,Macaque,578,665,1020
421088,156,Macaque,614,664,1020
420525,556,MacaqueL48,612,664,1020
436521,156,Macaque,616,669,1020
431357,156,Macaque,609,668,1020
414838,156,Macaque,565,658,1020
429932,156,Macaque,601,657,1020
437191,156,Macaque,601,651,1020
406727,156,Macaque,566,647,1020
422120,156,Macaque,607,627,1020
