500204,290,RealmSoldier,181,301,3935
500044,290,RealmSoldier,183,298,3935
500310,290,RealmSoldier,187,311,3935
500358,290,RealmSoldier,189,311,3935
500260,290,RealmSoldier,197,315,3935
500308,290,RealmSoldier,225,333,3935
500208,290,RealmSoldier,230,339,3935
500210,290,RealmSoldier,222,339,3935
500202,290,RealmSoldier,230,336,3935
500022,290,RealmSoldier,233,340,3935
500314,290,RealmSoldier,223,342,3935
500042,290,RealmSoldier,220,342,3935
500316,290,RealmSoldier,224,344,3935
500312,290,RealmSoldier,227,349,3935
500060,290,RealmSoldier,244,366,3935
500292,290,RealmSoldier,247,367,3935
410284,290,RealmSoldier,258,335,3935
410319,290,RealmSoldier,258,348,3935
500070,290,RealmSoldier,260,349,3935
500332,290,RealmSoldier,257,366,3935
500196,290,RealmSoldier,261,368,3935
413342,290,RealmSoldier,269,372,3935
410302,290,RealmSoldier,260,372,3935
410380,290,RealmSoldier,259,376,3935
410328,290,RealmSoldier,265,368,3935
410295,290,RealmSoldier,265,395,3935
410329,290,RealmSoldier,264,343,3935
500150,290,RealmSoldier,265,355,3935
410312,290,RealmSoldier,272,371,3935
500214,290,RealmSoldier,285,377,3935
410315,290,RealmSoldier,280,377,3935
410334,910,MilitaryOfficerofRealm,263,377,3935
410434,290,RealmSoldier,261,366,3935
410229,168,BlackTurtleDefender,283,350,3935
410220,168,BlackTurtleDefender,279,346,3935
410218,168,BlackTurtleDefender,281,351,3935
410285,290,RealmSoldier,280,371,3935
410207,168,BlackTurtleDefender,286,351,3935
410235,168,BlackTurtleDefender,284,352,3935
410213,168,BlackTurtleDefender,287,343,3935
410201,168,BlackTurtleDefender,289,342,3935
410205,168,BlackTurtleDefender,289,354,3935
410305,290,RealmSoldier,290,367,3935
500072,290,RealmSoldier,290,369,3935
500258,290,RealmSoldier,289,371,3935
500172,290,RealmSoldier,290,375,3935
500156,290,RealmSoldier,288,380,3935
410317,290,RealmSoldier,286,375,3935
410276,290,RealmSoldier,286,372,3935
410210,168,BlackTurtleDefender,290,351,3935
410406,910,MilitaryOfficerofRealm,305,395,3935
410316,788,KylinChariot,281,397,3935
410387,290,RealmSoldier,263,401,3935
410289,290,RealmSoldier,255,404,3935
500356,290,RealmSoldier,301,397,3935
500064,290,RealmSoldier,304,404,3935
500108,290,RealmSoldier,305,397,3935
410314,290,RealmSoldier,257,407,3935
410368,910,MilitaryOfficerofRealm,258,410,3935
410355,290,RealmSoldier,289,407,3935
410320,290,RealmSoldier,292,408,3935
411096,290,RealmSoldier,285,408,3935
410321,290,RealmSoldier,282,409,3935
500182,290,RealmSoldier,237,391,3935
500268,290,RealmSoldier,237,393,3935
500224,290,RealmSoldier,239,391,3935
500286,290,RealmSoldier,189,389,3935
500174,290,RealmSoldier,187,389,3935
410384,290,RealmSoldier,296,378,3935
500124,290,RealmSoldier,291,385,3935
410324,788,KylinChariot,293,379,3935
410323,290,RealmSoldier,295,424,3935
410396,910,MilitaryOfficerofRealm,304,373,3935
410332,290,RealmSoldier,301,366,3935
410375,290,RealmSoldier,302,368,3935
410418,290,RealmSoldier,306,371,3935
410221,290,RealmSoldier,312,368,3935
410296,290,RealmSoldier,315,367,3935
500058,290,RealmSoldier,309,399,3935
500120,290,RealmSoldier,308,401,3935
500110,290,RealmSoldier,307,398,3935
410348,290,RealmSoldier,321,401,3935
410303,290,RealmSoldier,306,400,3935
410364,290,RealmSoldier,313,402,3935
410275,290,RealmSoldier,318,370,3935
410373,290,RealmSoldier,320,403,3935
500054,290,RealmSoldier,361,355,3935
500256,290,RealmSoldier,361,357,3935
500138,290,RealmSoldier,389,439,3935
500344,290,RealmSoldier,387,437,3935
410242,384,WhiteTigerDefender,387,452,3935
410267,384,WhiteTigerDefender,388,454,3935
410236,384,WhiteTigerDefender,365,453,3935
410240,384,WhiteTigerDefender,368,456,3935
410238,384,WhiteTigerDefender,364,457,3935
410241,384,WhiteTigerDefender,371,453,3935
410262,384,WhiteTigerDefender,377,456,3935
500098,290,RealmSoldier,411,464,3935
500230,290,RealmSoldier,409,463,3935
412205,290,RealmSoldier,384,458,3935
410338,290,RealmSoldier,388,467,3935
410251,384,WhiteTigerDefender,380,461,3935
410410,290,RealmSoldier,380,463,3935
410372,290,RealmSoldier,431,461,3935
500338,290,RealmSoldier,416,462,3935
500354,290,RealmSoldier,416,465,3935
500250,290,RealmSoldier,401,467,3935
500170,290,RealmSoldier,413,463,3935
500278,290,RealmSoldier,405,463,3935
410413,910,MilitaryOfficerofRealm,386,471,3935
410385,290,RealmSoldier,395,472,3935
410369,290,RealmSoldier,428,474,3935
410322,290,RealmSoldier,419,474,3935
410378,290,RealmSoldier,416,480,3935
410309,290,RealmSoldier,417,474,3935
410349,290,RealmSoldier,420,471,3935
410304,910,MilitaryOfficerofRealm,415,470,3935
410363,290,RealmSoldier,411,489,3935
410330,290,RealmSoldier,386,485,3935
410386,788,KylinChariot,421,487,3935
410366,290,RealmSoldier,402,497,3935
410342,290,RealmSoldier,390,495,3935
410362,290,RealmSoldier,414,494,3935
410358,290,RealmSoldier,414,490,3935
410379,290,RealmSoldier,415,503,3935
411089,290,RealmSoldier,399,502,3935
410441,290,RealmSoldier,436,490,3935
410388,290,RealmSoldier,437,494,3935
410359,290,RealmSoldier,437,492,3935
410389,290,RealmSoldier,444,497,3935
500340,290,RealmSoldier,395,474,3935
500198,290,RealmSoldier,395,470,3935
500220,290,RealmSoldier,391,470,3935
500348,290,RealmSoldier,391,474,3935
410335,290,RealmSoldier,371,488,3935
410416,910,MilitaryOfficerofRealm,371,490,3935
410297,290,RealmSoldier,369,468,3935
410337,290,RealmSoldier,357,490,3935
410345,290,RealmSoldier,360,493,3935
410243,290,RealmSoldier,345,478,3935
410347,290,RealmSoldier,332,475,3935
410343,290,RealmSoldier,308,460,3935
410290,290,RealmSoldier,353,460,3935
410279,290,RealmSoldier,309,468,3935
410350,788,KylinChariot,355,452,3935
410307,290,RealmSoldier,307,467,3935
410377,290,RealmSoldier,340,479,3935
410382,290,RealmSoldier,307,466,3935
410438,910,MilitaryOfficerofRealm,344,474,3935
410357,290,RealmSoldier,363,463,3935
410356,290,RealmSoldier,362,466,3935
410288,290,RealmSoldier,402,502,3935
500096,290,RealmSoldier,413,455,3935
410360,290,RealmSoldier,422,478,3935
500100,290,RealmSoldier,430,457,3935
410354,290,RealmSoldier,420,467,3935
500018,290,RealmSoldier,424,464,3935
500144,290,RealmSoldier,431,459,3935
500254,290,RealmSoldier,435,453,3935
500352,290,RealmSoldier,433,457,3935
500334,290,RealmSoldier,434,455,3935
410402,788,KylinChariot,442,491,3935
410367,290,RealmSoldier,446,464,3935
500164,290,RealmSoldier,447,462,3935
500136,290,RealmSoldier,448,464,3935
410409,290,RealmSoldier,451,489,3935
410399,290,RealmSoldier,461,494,3935
410427,290,RealmSoldier,462,491,3935
410310,910,MilitaryOfficerofRealm,448,474,3935
410436,290,RealmSoldier,445,471,3935
500252,290,RealmSoldier,447,470,3935
411106,788,KylinChariot,416,501,3935
500240,290,RealmSoldier,414,468,3935
410392,290,RealmSoldier,464,493,3935
500112,290,RealmSoldier,417,464,3935
500126,290,RealmSoldier,416,466,3935
500090,290,RealmSoldier,418,467,3935
500082,290,RealmSoldier,459,459,3935
410401,290,RealmSoldier,456,461,3935
410352,290,RealmSoldier,458,469,3935
410393,290,RealmSoldier,463,459,3935
410415,290,RealmSoldier,464,471,3935
410439,910,MilitaryOfficerofRealm,472,476,3935
410353,788,KylinChariot,473,502,3935
410408,290,RealmSoldier,485,477,3935
410429,290,RealmSoldier,484,471,3935
410433,910,MilitaryOfficerofRealm,489,471,3935
410391,290,RealmSoldier,491,469,3935
410407,290,RealmSoldier,486,484,3935
410370,290,RealmSoldier,484,434,3935
413347,290,RealmSoldier,481,417,3935
411092,290,RealmSoldier,497,425,3935
410445,910,MilitaryOfficerofRealm,502,420,3935
412207,788,KylinChariot,470,414,3935
410437,290,RealmSoldier,478,415,3935
410403,290,RealmSoldier,491,408,3935
440682,290,RealmSoldier,511,412,3935
410443,290,RealmSoldier,506,410,3935
410365,290,RealmSoldier,482,395,3935
500298,290,RealmSoldier,513,402,3935
500330,290,RealmSoldier,513,398,3935
500360,290,RealmSoldier,509,398,3935
500318,290,RealmSoldier,506,405,3935
411094,290,RealmSoldier,506,398,3935
410417,290,RealmSoldier,489,398,3935
410308,290,RealmSoldier,508,388,3935
410397,910,MilitaryOfficerofRealm,504,394,3935
410341,290,RealmSoldier,504,388,3935
500336,290,RealmSoldier,506,386,3935
500262,290,RealmSoldier,490,389,3935
410346,290,RealmSoldier,489,382,3935
438894,255,AzureDragonDefender,482,382,3935
500216,290,RealmSoldier,482,394,3935
410253,255,AzureDragonDefender,481,379,3935
410344,290,RealmSoldier,484,379,3935
410268,255,AzureDragonDefender,480,377,3935
412209,290,RealmSoldier,490,345,3935
411091,290,RealmSoldier,488,348,3935
410424,910,MilitaryOfficerofRealm,488,367,3935
410336,290,RealmSoldier,491,375,3935
410287,255,AzureDragonDefender,478,378,3935
410261,255,AzureDragonDefender,475,380,3935
410286,255,AzureDragonDefender,473,367,3935
410246,255,AzureDragonDefender,478,375,3935
439339,255,AzureDragonDefender,472,369,3935
410256,255,AzureDragonDefender,472,372,3935
410257,255,AzureDragonDefender,470,367,3935
410351,290,RealmSoldier,476,376,3935
410278,290,RealmSoldier,468,368,3935
412203,290,RealmSoldier,467,366,3935
410374,290,RealmSoldier,464,344,3935
410425,788,KylinChariot,458,340,3935
410405,290,RealmSoldier,462,336,3935
411102,290,RealmSoldier,465,335,3935
500036,290,RealmSoldier,459,359,3935
412206,290,RealmSoldier,487,331,3935
410420,290,RealmSoldier,484,329,3935
500078,290,RealmSoldier,484,327,3935
410444,910,MilitaryOfficerofRealm,484,331,3935
410414,290,RealmSoldier,437,322,3935
413348,290,RealmSoldier,433,315,3935
410422,290,RealmSoldier,431,316,3935
440463,290,RealmSoldier,429,292,3935
410423,910,MilitaryOfficerofRealm,425,314,3935
411098,290,RealmSoldier,426,321,3935
412217,290,RealmSoldier,408,291,3935
438513,290,RealmSoldier,402,292,3935
410225,197,VermilionBirdDefender,396,291,3935
410259,197,VermilionBirdDefender,399,287,3935
420392,290,RealmSoldier,409,278,3935
411097,290,RealmSoldier,398,294,3935
411088,290,RealmSoldier,380,258,3935
419178,290,RealmSoldier,383,258,3935
413345,290,RealmSoldier,403,266,3935
411100,290,RealmSoldier,405,269,3935
411104,290,RealmSoldier,404,264,3935
413349,290,RealmSoldier,409,269,3935
439353,290,RealmSoldier,420,286,3935
413341,290,RealmSoldier,379,256,3935
439463,788,KylinChariot,403,251,3935
410226,197,VermilionBirdDefender,380,286,3935
410239,197,VermilionBirdDefender,371,277,3935
410224,197,VermilionBirdDefender,377,280,3935
410217,197,VermilionBirdDefender,373,280,3935
410400,290,RealmSoldier,371,287,3935
410232,197,VermilionBirdDefender,371,281,3935
500128,290,RealmSoldier,374,287,3935
500114,290,RealmSoldier,374,285,3935
500282,290,RealmSoldier,377,284,3935
414519,290,RealmSoldier,374,253,3935
440595,910,MilitaryOfficerofRealm,377,257,3935
410376,788,KylinChariot,361,257,3935
439361,290,RealmSoldier,354,253,3935
412208,290,RealmSoldier,357,259,3935
413350,290,RealmSoldier,359,251,3935
440695,290,RealmSoldier,346,286,3935
412216,788,KylinChariot,346,277,3935
500122,290,RealmSoldier,336,264,3935
410271,290,RealmSoldier,341,257,3935
500146,290,RealmSoldier,332,257,3935
500086,290,RealmSoldier,332,260,3935
500242,290,RealmSoldier,332,264,3935
500148,290,RealmSoldier,318,261,3935
500040,290,RealmSoldier,318,304,3935
412215,290,RealmSoldier,318,293,3935
410301,290,RealmSoldier,317,302,3935
410298,290,RealmSoldier,323,309,3935
410294,290,RealmSoldier,319,306,3935
410277,290,RealmSoldier,323,307,3935
438843,290,RealmSoldier,324,305,3935
412212,290,RealmSoldier,326,295,3935
420393,290,RealmSoldier,363,288,3935
410440,290,RealmSoldier,362,290,3935
411093,290,RealmSoldier,362,294,3935
440674,910,MilitaryOfficerofRealm,321,282,3935
419179,290,RealmSoldier,338,286,3935
412213,290,RealmSoldier,343,291,3935
410442,290,RealmSoldier,340,288,3935
410306,290,RealmSoldier,306,276,3935
410280,290,RealmSoldier,307,272,3935
410421,788,KylinChariot,308,276,3935
440594,290,RealmSoldier,346,270,3935
500228,290,RealmSoldier,315,302,3935
500322,290,RealmSoldier,313,300,3935
410292,290,RealmSoldier,314,266,3935
500246,290,RealmSoldier,315,264,3935
411103,290,RealmSoldier,322,265,3935
410447,290,RealmSoldier,332,265,3935
410411,290,RealmSoldier,329,267,3935
416829,910,MilitaryOfficerofRealm,336,262,3935
410398,290,RealmSoldier,345,258,3935
500154,290,RealmSoldier,305,273,3935
410299,290,RealmSoldier,303,273,3935
440666,197,VermilionBirdDefender,368,293,3935
410223,197,VermilionBirdDefender,369,297,3935
439462,788,KylinChariot,362,268,3935
410215,197,VermilionBirdDefender,373,303,3935
410446,290,RealmSoldier,374,285,3935
413346,290,RealmSoldier,380,286,3935
410234,197,VermilionBirdDefender,381,293,3935
410248,197,VermilionBirdDefender,380,291,3935
500290,290,RealmSoldier,378,288,3935
440740,197,VermilionBirdDefender,395,304,3935
410222,197,VermilionBirdDefender,381,296,3935
500234,290,RealmSoldier,377,293,3935
440028,290,RealmSoldier,382,291,3935
440678,290,RealmSoldier,382,295,3935
500272,290,RealmSoldier,378,289,3935
500276,290,RealmSoldier,374,289,3935
500326,290,RealmSoldier,374,293,3935
440680,197,VermilionBirdDefender,389,297,3935
410237,197,VermilionBirdDefender,378,304,3935
410255,197,VermilionBirdDefender,391,285,3935
410247,197,VermilionBirdDefender,391,293,3935
410231,197,VermilionBirdDefender,395,294,3935
413343,290,RealmSoldier,408,289,3935
413344,788,KylinChariot,408,291,3935
412204,290,RealmSoldier,410,289,3935
500302,290,RealmSoldier,387,297,3935
500232,290,RealmSoldier,387,293,3935
500080,290,RealmSoldier,383,293,3935
410245,168,BlackTurtleDefender,282,346,3935
410412,788,KylinChariot,294,362,3935
500186,290,RealmSoldier,301,394,3935
410265,290,RealmSoldier,321,370,3935
410266,255,AzureDragonDefender,466,369,3935
411099,290,RealmSoldier,470,373,3935
410430,290,RealmSoldier,468,371,3935
410233,255,AzureDragonDefender,471,375,3935
410263,255,AzureDragonDefender,472,381,3935
411090,290,RealmSoldier,476,401,3935
410244,255,AzureDragonDefender,476,371,3935
410254,255,AzureDragonDefender,474,377,3935
411107,788,KylinChariot,478,367,3935
410270,255,AzureDragonDefender,483,370,3935
410219,255,AzureDragonDefender,477,374,3935
440496,788,KylinChariot,488,398,3935
500140,290,RealmSoldier,434,317,3935
410327,290,RealmSoldier,426,293,3935
416830,290,RealmSoldier,430,288,3935
410394,290,RealmSoldier,379,295,3935
411101,290,RealmSoldier,393,286,3935
410426,197,VermilionBirdDefender,386,302,3935
440728,788,KylinChariot,358,286,3935
413340,290,RealmSoldier,330,283,3935
411108,290,RealmSoldier,322,340,3935
410200,788,KylinChariot,321,331,3935
410383,290,RealmSoldier,312,327,3935
500160,290,RealmSoldier,312,331,3935
410230,168,BlackTurtleDefender,298,336,3935
500226,290,RealmSoldier,310,310,3935
410209,168,BlackTurtleDefender,292,338,3935
410272,168,BlackTurtleDefender,302,326,3935
500306,290,RealmSoldier,295,295,3935
410228,168,BlackTurtleDefender,298,350,3935
410208,168,BlackTurtleDefender,303,345,3935
410291,290,RealmSoldier,307,351,3935
410214,168,BlackTurtleDefender,295,356,3935
500176,290,RealmSoldier,267,370,3935
500350,290,RealmSoldier,264,355,3935
500300,290,RealmSoldier,278,365,3935
500188,290,RealmSoldier,278,363,3935
410325,290,RealmSoldier,299,439,3935
410395,788,KylinChariot,298,436,3935
410313,290,RealmSoldier,315,431,3935
410282,910,MilitaryOfficerofRealm,327,415,3935
