425811,900,Guard1,82,91,35
434558,900,Guard1,86,89,35
431250,910,Guard2,312,233,30
423424,900,Guard1,297,253,30
423426,900,Guard1,296,237,35
423426,900,Guard1,277,255,35
420313,900,Guard1,284,278,35
423430,900,Guard1,308,305,35
423429,900,Guard1,318,305,35
425818,900,Guard1,336,287,35
421808,900,Guard1,336,273,35
423422,900,Guard1,323,336,35
423423,900,Guard1,309,335,35
406802,900,Guard1,308,377,36
418858,900,Guard1,308,368,36
406803,900,Guard1,264,376,36
406804,900,Guard1,264,367,36
433194,983,Pheasant,103,136,35
432864,983,Pheasant,112,139,35
429311,983,Pheasant,109,133,35
439609,983,Pheasant,105,127,35
436498,983,Pheasant,114,129,35
432613,983,Pheasant,115,140,35
437119,983,Pheasant,118,132,35
416733,983,Pheasant,114,124,35
402458,983,Pheasant,94,110,35
433048,983,Pheasant,87,114,35
429252,983,Pheasant,81,107,35
438564,983,Pheasant,91,107,35
423702,983,Pheasant,99,104,35
435394,983,Pheasant,106,118,35
401025,983,Pheasant,97,103,35
427613,983,Pheasant,80,88,35
433337,983,Pheasant,81,96,35
424572,983,Pheasant,109,98,35
442134,983,Pheasant,107,108,35
403006,983,Pheasant,111,117,35
424650,983,Pheasant,109,124,35
442288,983,Pheasant,121,139,35
428733,983,Pheasant,147,136,35
442140,983,Pheasant,147,145,35
427046,983,Pheasant,148,153,35
405757,983,Pheasant,135,143,35
405221,983,Pheasant,141,139,35
430678,983,Pheasant,147,139,35
429451,983,Pheasant,146,145,35
402735,983,Pheasant,145,153,35
430205,983,Pheasant,131,153,35
428804,983,Pheasant,134,158,35
423556,983,Pheasant,153,162,35
402875,983,Pheasant,153,170,35
431291,983,Pheasant,170,137,35
419672,983,Pheasant,180,154,35
430338,983,Pheasant,175,159,35
428469,983,Pheasant,175,166,35
414367,983,Pheasant,193,167,35
434492,983,Pheasant,184,168,35
418557,983,Pheasant,190,179,35
417060,983,Pheasant,240,167,35
401705,983,Pheasant,236,173,35
413715,983,Pheasant,220,160,35
402159,983,Pheasant,214,168,35
426676,983,Pheasant,208,171,35
421535,983,Pheasant,218,174,35
414867,104,Pheasant,195,177,35
426193,104,Pheasant,186,179,35
422548,104,Pheasant,178,177,35
430914,104,Pheasant,174,183,35
428261,104,Pheasant,452,278,35
421049,104,Pheasant,164,179,35
434332,104,Pheasant,251,190,35
406639,104,Pheasant,252,191,35
417595,104,Pheasant,233,165,35
437503,104,Pheasant,255,167,35
420626,104,Pheasant,222,171,35
431985,104,Pheasant,211,169,35
428984,104,Pheasant,201,167,35
423191,104,Pheasant,191,169,35
411428,104,Pheasant,188,175,35
436517,104,Pheasant,179,176,35
434976,104,Pheasant,179,146,35
427601,104,Pheasant,164,135,35
408656,104,Pheasant,141,154,35
430969,104,Pheasant,153,152,35
430969,104,Pheasant,169,164,35
424377,104,Pheasant,170,197,35
403674,104,Pheasant,185,206,35
426836,104,Pheasant,193,205,35
440204,104,Pheasant,193,206,35
428716,104,Pheasant,194,203,35
401568,104,Pheasant,178,164,35
408717,104,Pheasant,126,128,35
439630,104,Pheasant,396,304,35
414707,104,Pheasant,130,124,35
428976,104,Pheasant,137,123,35
407164,104,Pheasant,126,118,35
414829,104,Pheasant,116,111,35
438037,104,Pheasant,128,111,35
407392,104,Pheasant,136,119,35
407240,104,Pheasant,135,125,35
401203,104,Pheasant,119,98,35
423711,104,Pheasant,87,86,35
423711,104,Pheasant,100,79,35
406945,104,Pheasant,100,78,35
413198,104,Pheasant,100,76,35
416177,104,Pheasant,112,81,35
432963,104,Pheasant,111,73,35
438517,104,Pheasant,116,73,35
417056,104,Pheasant,117,73,35
406785,104,Pheasant,118,73,35
437773,104,Pheasant,274,131,35
418930,104,Pheasant,281,135,35
419637,104,Pheasant,279,139,35
437989,104,Pheasant,285,135,35
435109,104,Pheasant,293,136,35
434828,104,Pheasant,294,139,35
411821,104,Pheasant,299,143,35
413665,104,Pheasant,303,147,35
400020,104,Pheasant,308,152,35
402555,104,Pheasant,312,154,35
424716,104,Pheasant,302,158,35
421399,104,Pheasant,293,145,35
437197,104,Pheasant,274,138,35
403049,104,Pheasant,284,141,35
423682,104,Pheasant,291,148,35
439273,104,Pheasant,282,134,35
407144,104,Pheasant,293,160,35
409505,104,Pheasant,260,151,35
427790,104,Pheasant,258,143,35
403978,104,Pheasant,242,140,35
436021,104,Pheasant,250,138,35
407567,104,Pheasant,256,143,35
424635,104,Pheasant,271,153,35
435839,104,Pheasant,279,151,35
431373,104,Pheasant,288,150,35
416399,104,Pheasant,288,139,35
416782,104,Pheasant,302,158,35
413161,104,Pheasant,310,156,35
441153,104,Pheasant,299,162,35
430238,104,Pheasant,283,144,35
424791,104,Pheasant,384,330,35
411624,104,Pheasant,392,337,35
426940,104,Pheasant,370,335,35
405878,104,Pheasant,404,335,35
415430,104,Pheasant,382,328,35
422624,104,Pheasant,403,339,35
402944,104,Pheasant,397,339,35
433157,104,Pheasant,378,340,35
408794,104,Pheasant,392,346,35
420373,104,Pheasant,382,346,35
406581,104,Pheasant,391,349,35
435068,104,Pheasant,382,342,35
429348,104,Pheasant,383,344,35
402249,104,Pheasant,379,342,35
425790,104,Pheasant,382,343,35
433661,104,Pheasant,376,348,35
431704,104,Pheasant,408,340,35
421874,104,Pheasant,396,349,35
406239,104,Pheasant,405,351,35
432479,104,Pheasant,399,350,35
402928,104,Pheasant,382,352,35
422973,104,Pheasant,393,354,35
411952,104,Pheasant,386,351,35
434485,104,Pheasant,395,354,35
420365,104,Pheasant,422,319,35
420310,104,Pheasant,416,339,35
417379,104,Pheasant,425,338,35
401291,104,Pheasant,416,326,35
440031,104,Pheasant,425,344,35
441962,104,Pheasant,418,356,35
411372,104,Pheasant,415,342,35
440799,104,Pheasant,406,365,35
426826,104,Pheasant,402,365,35
438159,104,Pheasant,384,365,35
442128,104,Pheasant,391,363,35
414204,104,Pheasant,394,363,35
423004,104,Pheasant,378,363,35
435260,104,Pheasant,378,362,35
402281,104,Pheasant,387,356,35
428134,104,Pheasant,387,355,35
407425,104,Pheasant,427,336,35
436729,104,Pheasant,427,345,35
435802,104,Pheasant,424,363,35
413580,104,Pheasant,402,355,35
415844,104,Pheasant,397,358,35
423153,104,Pheasant,399,367,35
413155,104,Pheasant,397,366,35
429819,104,Pheasant,429,331,35
419926,104,Pheasant,430,335,35
434854,104,Pheasant,435,336,35
406715,104,Pheasant,433,334,35
423782,104,Pheasant,436,332,35
418933,104,Pheasant,436,339,35
441119,104,Pheasant,432,330,35
430690,104,Pheasant,445,369,35
404916,104,Pheasant,429,345,35
404029,104,Pheasant,448,334,35
405589,104,Pheasant,443,370,35
422608,104,Pheasant,444,335,35
411325,104,Pheasant,442,338,35
402593,104,Pheasant,443,339,35
427116,104,Pheasant,446,337,35
410930,104,Pheasant,446,374,35
417213,104,Pheasant,446,373,35
410312,104,Pheasant,446,375,35
441012,104,Pheasant,455,300,35
402144,104,Pheasant,456,303,35
432835,104,Pheasant,457,299,35
426794,104,Pheasant,450,299,35
428985,104,Pheasant,457,310,35
407140,104,Pheasant,459,292,35
428067,104,Pheasant,454,298,35
401816,104,Pheasant,457,298,35
404415,104,Pheasant,458,287,35
403199,104,Pheasant,469,303,35
413774,104,Pheasant,469,305,35
405215,104,Pheasant,452,292,35
413269,104,Pheasant,453,290,35
401678,104,Pheasant,453,289,35
434477,104,Pheasant,452,291,35
433781,104,Pheasant,471,310,35
407142,104,Pheasant,377,295,35
426302,104,Pheasant,360,342,35
431690,104,Pheasant,366,362,35
438914,104,Pheasant,373,362,35
411992,104,Pheasant,374,352,35
428325,104,Pheasant,360,357,35
414550,104,Pheasant,393,367,35
402890,104,Pheasant,379,372,35
437279,104,Pheasant,369,363,35
413512,104,Pheasant,410,381,35
433228,104,Pheasant,398,378,35
413674,104,Pheasant,423,380,35
440027,104,Pheasant,402,387,35
436369,104,Pheasant,386,391,35
441901,104,Pheasant,378,389,35
439994,104,Pheasant,385,390,35
408349,104,Pheasant,419,374,35
426043,104,Pheasant,422,372,35
430248,104,Pheasant,425,386,35
439058,104,Pheasant,424,388,35
433875,104,Pheasant,437,389,35
402923,104,Pheasant,432,389,35
404311,104,Pheasant,440,398,35
421714,104,Pheasant,434,396,35
421218,104,Pheasant,423,396,35
440381,104,Pheasant,450,374,35
429944,104,Pheasant,443,383,35
432847,104,Pheasant,448,381,35
441936,104,Pheasant,448,379,35
410391,104,Pheasant,421,400,35
403593,104,Pheasant,417,413,35
428564,104,Pheasant,419,411,35
405057,104,Pheasant,435,409,35
403428,104,Pheasant,435,404,35
425913,104,Pheasant,434,409,35
423628,104,Pheasant,432,399,35
426916,104,Pheasant,430,406,35
421344,104,Pheasant,415,418,35
431868,104,Pheasant,411,412,35
404909,104,Pheasant,400,411,35
405422,104,Pheasant,413,400,35
429210,104,Pheasant,402,422,35
429250,104,Pheasant,401,431,35
418514,104,Pheasant,409,404,35
427610,104,Pheasant,410,407,35
426238,104,Pheasant,396,437,35
429022,104,Pheasant,434,430,35
432349,104,Pheasant,443,432,35
423921,104,Pheasant,442,432,35
402613,104,Pheasant,436,432,35
414421,104,Pheasant,420,427,35
427293,104,Pheasant,402,439,35
423229,104,Pheasant,400,437,35
427814,104,Pheasant,401,436,35
431475,104,Pheasant,411,443,35
431120,104,Pheasant,383,437,35
423074,104,Pheasant,388,443,35
409604,104,Pheasant,381,437,35
406202,104,Pheasant,395,431,35
423706,104,Pheasant,428,438,35
441812,104,Pheasant,417,438,35
434842,104,Pheasant,384,447,35
415567,104,Pheasant,425,445,35
432994,104,Pheasant,442,437,35
415856,104,Pheasant,447,446,35
435643,304,Turtledove,393,485,35
441373,304,Turtledove,391,482,35
405430,304,Turtledove,379,483,35
401015,304,Turtledove,375,454,35
439645,304,Turtledove,377,454,35
430904,304,Turtledove,372,462,35
408554,104,Pheasant,373,420,35
410978,104,Pheasant,361,424,35
441341,104,Pheasant,364,423,35
430269,104,Pheasant,362,431,35
405393,104,Pheasant,388,429,35
405260,104,Pheasant,379,427,35
414744,304,Turtledove,361,452,35
429831,304,Turtledove,368,463,35
406180,304,Turtledove,365,462,35
403024,304,Turtledove,369,461,35
402273,304,Turtledove,358,460,35
419574,104,Pheasant,350,419,35
414385,104,Pheasant,349,420,35
423253,104,Pheasant,353,415,35
406377,104,Pheasant,362,419,35
422357,104,Pheasant,363,414,35
439355,104,Pheasant,367,414,35
404553,104,Pheasant,389,418,35
435172,104,Pheasant,384,417,35
418468,104,Pheasant,390,419,35
418871,104,Pheasant,380,419,35
403725,104,Pheasant,380,417,35
410474,104,Pheasant,386,417,35
416474,104,Pheasant,384,415,35
439749,104,Pheasant,391,418,35
422511,104,Pheasant,363,441,35
403629,104,Pheasant,365,434,35
420288,104,Pheasant,360,447,35
418290,104,Pheasant,360,449,35
410280,104,Pheasant,354,415,35
417018,104,Pheasant,357,430,35
404297,104,Pheasant,350,433,35
438717,104,Pheasant,352,441,35
424335,104,Pheasant,356,440,35
410553,104,Pheasant,350,445,35
428730,304,Turtledove,353,449,35
425028,104,Pheasant,351,426,35
416490,104,Pheasant,349,407,35
428847,104,Pheasant,351,408,35
408803,104,Pheasant,353,408,35
416117,104,Pheasant,358,403,35
412328,104,Pheasant,342,406,35
422989,104,Pheasant,374,412,35
440793,104,Pheasant,374,405,35
435795,104,Pheasant,372,403,35
424779,104,Pheasant,367,411,35
439309,104,Pheasant,373,406,35
401365,104,Pheasant,365,410,35
429683,104,Pheasant,364,413,35
406560,104,Pheasant,346,430,35
405871,104,Pheasant,343,423,35
426078,104,Pheasant,330,401,35
441668,104,Pheasant,340,397,35
428561,104,Pheasant,340,388,35
401855,104,Pheasant,348,401,35
433897,104,Pheasant,338,421,35
435435,104,Pheasant,375,385,35
410304,104,Pheasant,363,389,35
411380,104,Pheasant,329,419,35
417443,104,Pheasant,332,429,35
435873,104,Pheasant,329,426,35
436943,104,Pheasant,327,415,35
418453,104,Pheasant,325,430,35
402311,104,Pheasant,323,418,35
424761,104,Pheasant,323,404,35
421683,104,Pheasant,355,382,35
434614,104,Pheasant,330,411,35
430992,104,Pheasant,316,406,35
437471,104,Pheasant,317,400,35
421888,104,Pheasant,314,403,35
437277,104,Pheasant,211,218,35
401560,104,Pheasant,220,221,35
429118,104,Pheasant,226,221,35
418693,104,Pheasant,225,221,35
437322,104,Pheasant,226,221,35
427025,104,Pheasant,201,204,35
437467,104,Pheasant,201,204,35
419611,104,Pheasant,200,204,35
417882,104,Pheasant,256,398,35
440070,104,Pheasant,241,393,35
413616,104,Pheasant,234,386,35
435974,104,Pheasant,282,398,35
401495,104,Pheasant,271,396,35
437523,104,Pheasant,254,394,35
426552,104,Pheasant,257,402,35
413582,104,Pheasant,257,399,35
427729,104,Pheasant,241,400,35
434922,104,Pheasant,245,403,35
410642,104,Pheasant,247,403,35
419601,104,Pheasant,244,410,35
435293,104,Pheasant,243,401,35
437662,104,Pheasant,281,405,35
405773,304,Turtledove,238,418,35
428116,304,Turtledove,239,426,35
442088,104,Pheasant,243,416,35
410406,304,Turtledove,237,426,35
401107,104,Pheasant,245,414,35
429071,104,Pheasant,245,412,35
416226,104,Pheasant,287,414,35
440279,104,Pheasant,231,403,35
418798,104,Pheasant,225,382,35
418672,104,Pheasant,226,381,35
427857,104,Pheasant,229,390,35
433315,104,Pheasant,233,393,35
414325,104,Pheasant,233,389,35
439939,508,HeavyGhostL23,196,402,35
405076,104,Pheasant,254,419,35
432663,304,Turtledove,258,431,35
413712,104,Pheasant,275,426,35
430637,304,Turtledove,272,430,35
429572,304,Turtledove,274,428,35
416783,304,Turtledove,274,426,35
415025,104,Pheasant,285,424,35
430185,104,Pheasant,281,431,35
435735,104,Pheasant,285,431,35
418243,304,Turtledove,284,422,35
402142,104,Pheasant,290,405,35
423616,104,Pheasant,288,423,35
402449,104,Pheasant,291,410,35
436916,104,Pheasant,294,408,35
436934,104,Pheasant,291,418,35
401527,104,Pheasant,291,425,35
425472,104,Pheasant,295,414,35
408291,304,Turtledove,298,442,35
407308,304,Turtledove,305,448,35
405814,304,Turtledove,283,432,35
416247,304,Turtledove,277,433,35
400928,104,Pheasant,320,432,35
428975,304,Turtledove,283,436,35
420595,304,Turtledove,281,436,35
407451,304,Turtledove,270,437,35
424707,104,Pheasant,316,415,35
428720,104,Pheasant,317,419,35
405526,104,Pheasant,315,417,35
425784,104,Pheasant,311,427,35
417102,104,Pheasant,322,445,35
405685,104,Pheasant,312,434,35
405960,304,Turtledove,291,446,35
433835,304,Turtledove,294,448,35
423882,304,Turtledove,292,447,35
410859,304,Turtledove,289,444,35
432253,304,Turtledove,289,446,35
413606,104,Pheasant,325,440,35
420936,104,Pheasant,326,440,35
424739,304,Turtledove,320,453,35
420570,304,Turtledove,305,459,35
416276,304,Turtledove,298,450,35
422765,304,Turtledove,300,459,35
432947,304,Turtledove,295,451,35
415906,304,Turtledove,289,451,35
433726,304,Turtledove,288,452,35
426005,104,Pheasant,331,434,35
423623,304,Turtledove,331,454,35
424857,304,Turtledove,337,450,35
415555,104,Pheasant,341,450,35
430619,304,Turtledove,307,468,35
417621,304,Turtledove,298,473,35
416151,304,Turtledove,305,470,35
422211,304,Turtledove,296,462,35
432878,304,Turtledove,293,467,35
416364,304,Turtledove,288,463,35
438003,304,Turtledove,340,467,35
436373,304,Turtledove,327,465,35
410300,304,Turtledove,339,469,35
422399,304,Turtledove,312,476,35
407740,304,Turtledove,291,478,35
407439,304,Turtledove,288,478,35
435043,304,Turtledove,330,477,35
426533,304,Turtledove,335,481,35
414893,304,Turtledove,330,484,35
422177,304,Turtledove,316,488,35
406373,304,Turtledove,345,460,35
431297,304,Turtledove,347,467,35
404383,304,Turtledove,349,466,35
411137,304,Turtledove,350,466,35
407290,304,Turtledove,351,465,35
428336,304,Turtledove,348,454,35
440075,304,Turtledove,343,453,35
417546,304,Turtledove,350,475,35
426203,304,Turtledove,345,474,35
440261,304,Turtledove,347,472,35
439157,304,Turtledove,347,469,35
401000,304,Turtledove,344,468,35
405122,304,Turtledove,356,461,35
405887,304,Turtledove,354,456,35
434845,304,Turtledove,353,467,35
440393,304,Turtledove,357,485,35
438876,304,Turtledove,365,473,35
409541,304,Turtledove,372,485,35
404341,304,Turtledove,378,503,35
425268,304,Turtledove,377,483,35
438958,304,Turtledove,397,490,35
441268,304,Turtledove,401,491,35
434326,304,Turtledove,396,490,35
438510,304,Turtledove,399,490,35
427124,304,Turtledove,397,489,35
438169,304,Turtledove,396,489,35
436707,104,Pheasant,347,446,35
411626,304,Turtledove,343,449,35
419946,104,Pheasant,341,437,35
421368,304,Turtledove,308,439,35
439515,304,Turtledove,288,438,35
417646,304,Turtledove,289,503,35
440902,304,Turtledove,287,487,35
441722,304,Turtledove,279,484,35
415508,304,Turtledove,284,468,35
406246,304,Turtledove,281,453,35
429341,304,Turtledove,285,466,35
424211,304,Turtledove,285,467,35
401873,304,Turtledove,292,488,35
438515,304,Turtledove,279,474,35
419425,304,Turtledove,278,481,35
412078,304,Turtledove,276,456,35
435286,304,Turtledove,279,460,35
436217,304,Turtledove,278,450,35
432118,304,Turtledove,260,498,35
406421,304,Turtledove,285,512,35
429330,304,Turtledove,284,509,35
438007,304,Turtledove,264,511,35
428349,304,Turtledove,265,480,35
412158,304,Turtledove,293,506,35
438221,304,Turtledove,261,489,35
407293,304,Turtledove,259,478,35
427908,304,Turtledove,297,520,35
411358,304,Turtledove,290,520,35
418782,304,Turtledove,281,528,35
410962,304,Turtledove,282,527,35
432521,304,Turtledove,276,524,35
436045,304,Turtledove,264,527,35
404868,304,Turtledove,253,496,35
413263,304,Turtledove,253,492,35
441534,304,Turtledove,291,522,35
411764,304,Turtledove,291,526,35
412225,304,Turtledove,291,529,35
429121,304,Turtledove,286,537,35
439797,304,Turtledove,270,536,35
440544,304,Turtledove,281,539,35
408797,304,Turtledove,276,540,35
436819,304,Turtledove,286,550,35
438693,304,Turtledove,283,543,35
440470,304,Turtledove,284,545,35
406095,304,Turtledove,276,551,35
435953,304,Turtledove,277,558,35
410931,304,Turtledove,276,563,35
435108,304,Turtledove,279,568,35
434892,304,Turtledove,282,569,35
440761,304,Turtledove,291,533,35
429559,304,Turtledove,293,541,35
415183,304,Turtledove,299,534,35
411254,304,Turtledove,315,540,35
407849,304,Turtledove,310,547,35
425920,304,Turtledove,311,556,35
410405,304,Turtledove,315,557,35
419645,304,Turtledove,321,552,35
410323,304,Turtledove,319,555,35
439375,304,Turtledove,318,556,35
407720,304,Turtledove,315,518,35
417395,304,Turtledove,320,517,35
414177,304,Turtledove,324,510,35
436298,304,Turtledove,334,520,35
415378,304,Turtledove,340,518,35
435473,304,Turtledove,328,544,35
406563,304,Turtledove,343,507,35
434635,104,Pheasant,380,398,35
423689,304,Turtledove,364,509,35
413290,304,Turtledove,374,513,35
413583,304,Turtledove,362,520,35
402560,304,Turtledove,355,508,35
417874,304,Turtledove,354,519,35
405275,304,Turtledove,347,506,35
409787,304,Turtledove,279,448,35
405983,304,Turtledove,275,448,35
414720,304,Turtledove,280,447,35
411521,304,Turtledove,250,487,35
429114,304,Turtledove,249,498,35
441357,304,Turtledove,247,497,35
411220,304,Turtledove,248,500,35
411567,304,Turtledove,250,482,35
421361,304,Turtledove,251,484,35
419123,304,Turtledove,249,480,35
430182,304,Turtledove,244,495,35
437542,304,Turtledove,245,494,35
412268,304,Turtledove,237,493,35
404878,304,Turtledove,246,495,35
433907,304,Turtledove,246,494,35
410611,304,Turtledove,237,491,35
440819,304,Turtledove,266,458,35
421885,304,Turtledove,263,462,35
429336,304,Turtledove,276,457,35
412325,304,Turtledove,231,474,35
428979,304,Turtledove,229,483,35
422718,304,Turtledove,223,450,35
429474,304,Turtledove,226,439,35
407086,304,Turtledove,225,436,35
439010,304,Turtledove,261,454,35
420487,304,Turtledove,261,453,35
440901,304,Turtledove,262,451,35
416545,304,Turtledove,220,440,35
405626,304,Turtledove,223,492,35
428570,304,Turtledove,223,488,35
441984,508,HeavyGhostL23,213,488,35
400725,108,Apparition,202,488,35
441979,508,HeavyGhostL23,213,457,35
411239,304,Turtledove,223,498,35
440048,108,Apparition,201,477,35
440792,508,HeavyGhostL23,193,481,35
401248,108,Apparition,186,478,35
414225,508,HeavyGhostL23,195,468,35
406323,108,Apparition,190,454,35
400010,508,HeavyGhostL23,181,462,35
441619,508,HeavyGhostL23,194,459,35
432890,508,HeavyGhostL23,179,461,35
413483,508,HeavyGhostL23,172,458,35
432739,508,HeavyGhostL23,174,456,35
433345,108,Apparition,207,443,35
441429,508,HeavyGhostL23,157,441,35
422324,108,Apparition,151,439,35
439848,508,HeavyGhostL23,153,426,35
426965,508,HeavyGhostL23,150,427,35
417485,508,HeavyGhostL23,156,431,35
441858,508,HeavyGhostL23,164,430,35
406096,108,Apparition,195,434,35
410337,108,Apparition,157,424,35
416617,508,HeavyGhostL23,157,421,35
433161,108,Apparition,157,426,35
419930,508,HeavyGhostL23,157,429,35
439938,508,HeavyGhostL23,155,420,35
409626,108,Apparition,189,421,35
406058,508,HeavyGhostL23,132,414,35
406365,108,Apparition,129,419,35
437739,108,Apparition,131,419,35
412371,508,HeavyGhostL23,158,419,35
429622,108,Apparition,172,413,35
421527,108,Apparition,133,424,35
436694,108,Apparition,140,423,35
435432,108,Apparition,136,429,35
439492,508,HeavyGhostL23,136,425,35
400932,508,HeavyGhostL23,134,420,35
408777,108,Apparition,131,410,35
433672,508,HeavyGhostL23,127,412,35
403068,108,Apparition,130,412,35
421973,108,Apparition,123,414,35
416478,108,Apparition,125,415,35
440885,108,Apparition,122,411,35
430643,108,Apparition,134,388,35
432962,508,HeavyGhostL23,156,379,35
430693,108,Apparition,138,380,35
433877,108,Apparition,154,396,35
405888,108,Apparition,162,380,35
416305,508,HeavyGhostL23,169,374,35
436628,108,Apparition,172,376,35
401306,108,Apparition,178,385,35
439837,508,HeavyGhostL23,185,395,35
407416,508,HeavyGhostL23,192,386,35
429654,508,HeavyGhostL23,175,397,35
401133,108,Apparition,187,396,35
442184,508,HeavyGhostL23,185,412,35
404526,108,Apparition,169,407,35
422160,108,Apparition,213,426,35
433982,304,Turtledove,221,430,35
410774,304,Turtledove,230,430,35
421022,304,Turtledove,241,436,35
412007,304,Turtledove,240,434,35
409825,508,HeavyGhostL23,193,445,35
420149,304,Turtledove,229,449,35
416386,304,Turtledove,243,447,35
440504,304,Turtledove,254,441,35
438282,304,Turtledove,267,444,35
403167,304,Turtledove,259,445,35
404223,304,Turtledove,266,442,35
418492,304,Turtledove,256,443,35
428491,104,Pheasant,250,410,35
441435,508,HeavyGhostL23,208,366,35
432473,108,Poltergeist,95,329,35
420799,108,Poltergeist,103,335,35
411278,108,Poltergeist,91,337,35
413342,108,Poltergeist,97,337,35
405493,108,Poltergeist,98,328,35
415622,108,Poltergeist,97,331,35
427038,108,Poltergeist,90,330,35
402336,108,Poltergeist,93,334,35
406381,108,Poltergeist,80,325,35
406032,108,Poltergeist,85,332,35
439324,108,Poltergeist,85,325,35
430691,108,Poltergeist,75,322,35
421136,108,Poltergeist,82,323,35
416098,508,HeavyGhostL23,82,312,35
426187,508,HeavyGhostL23,87,315,35
413615,508,HeavyGhostL23,84,306,35
426977,108,Poltergeist,98,314,35
406652,508,HeavyGhostL23,90,308,35
411461,108,Poltergeist,100,312,35
435752,108,Poltergeist,97,311,35
435118,508,HeavyGhostL23,93,312,35
405678,108,Poltergeist,97,323,35
406565,108,Poltergeist,102,308,35
439468,108,Poltergeist,100,310,35
401697,108,Poltergeist,63,306,35
422752,508,HeavyGhostL23,70,310,35
427787,508,HeavyGhostL23,81,305,35
440984,108,Poltergeist,105,299,35
434615,108,Poltergeist,99,304,35
418236,108,Poltergeist,90,305,35
406989,508,HeavyGhostL23,74,309,35
418518,508,HeavyGhostL23,81,310,35
429864,108,Poltergeist,86,302,35
402182,508,HeavyGhostL23,84,303,35
426039,508,HeavyGhostL23,83,301,35
442008,108,Poltergeist,100,302,35
404525,508,HeavyGhostL23,90,303,35
414383,108,Poltergeist,92,301,35
435730,108,Poltergeist,108,300,35
430526,108,Poltergeist,102,299,35
441094,108,Poltergeist,84,292,35
432152,108,Poltergeist,73,288,35
421313,508,HeavyGhostL23,80,273,35
408566,308,BattleGhost,79,276,35
401187,508,HeavyGhostL23,76,287,35
436110,108,Poltergeist,69,289,35
407365,108,Poltergeist,68,281,35
413601,108,Poltergeist,65,284,35
431640,508,HeavyGhostL23,91,280,35
405060,108,Poltergeist,62,272,35
424502,508,HeavyGhostL23,62,275,35
428599,108,Poltergeist,61,300,35
422036,108,Poltergeist,66,268,35
430987,508,HeavyGhostL23,67,266,35
428683,108,Poltergeist,64,266,35
427211,508,HeavyGhostL23,69,269,35
415604,108,Poltergeist,71,264,35
410313,108,Poltergeist,67,248,35
411755,108,Poltergeist,67,256,35
425374,108,Poltergeist,63,254,35
414130,508,HeavyGhostL23,71,258,35
437209,508,HeavyGhostL23,74,245,35
429257,508,HeavyGhostL23,76,243,35
429951,108,Poltergeist,72,246,35
405203,108,Poltergeist,65,244,35
442032,508,HeavyGhostL23,70,240,35
409649,108,Poltergeist,63,246,35
411619,508,HeavyGhostL23,61,241,35
423733,508,HeavyGhostL23,70,244,35
428649,108,Poltergeist,70,242,35
420098,108,Poltergeist,93,263,35
436547,108,Poltergeist,96,274,35
435414,108,Poltergeist,91,272,35
440437,104,Pheasant,238,395,35
427302,104,Pheasant,252,417,35
427090,304,Turtledove,259,436,35
419982,304,Turtledove,256,434,35
406506,304,Turtledove,261,439,35
414189,304,Turtledove,261,506,35
418796,304,Turtledove,317,564,35
422655,304,Turtledove,316,564,35
400719,304,Turtledove,315,569,35
415511,304,Turtledove,311,558,35
405219,304,Turtledove,312,566,35
429859,304,Turtledove,318,562,35
438234,304,Turtledove,329,547,35
422677,304,Turtledove,328,548,35
422109,304,Turtledove,326,551,35
422267,304,Turtledove,326,558,35
403574,304,Turtledove,324,559,35
421251,304,Turtledove,334,549,35
415005,304,Turtledove,335,553,35
431271,304,Turtledove,279,453,35
430315,304,Turtledove,278,441,35
402479,304,Turtledove,346,524,35
417627,304,Turtledove,356,523,35
430384,304,Turtledove,349,526,35
408401,304,Turtledove,343,522,35
436504,304,Turtledove,356,524,35
430583,304,Turtledove,342,526,35
413696,304,Turtledove,334,560,35
419790,304,Turtledove,339,560,35
436447,304,Turtledove,337,566,35
438082,304,Turtledove,320,586,35
442211,304,Turtledove,322,584,35
423959,304,Turtledove,316,588,35
407561,304,Turtledove,325,585,35
428497,304,Turtledove,330,584,35
403238,304,Turtledove,312,591,35
402306,304,Turtledove,348,570,35
407604,304,Turtledove,348,574,35
410854,304,Turtledove,354,569,35
421255,304,Turtledove,355,576,35
422268,304,Turtledove,347,591,35
422976,304,Turtledove,372,567,35
411469,304,Turtledove,362,560,35
431539,304,Turtledove,360,559,35
438202,304,Turtledove,360,558,35
402696,304,Turtledove,361,587,35
431035,304,Turtledove,360,577,35
423006,304,Turtledove,362,594,35
430452,304,Turtledove,356,583,35
416695,304,Turtledove,358,579,35
426070,304,Turtledove,352,554,35
438354,304,Turtledove,364,561,35
434640,304,Turtledove,342,562,35
402691,304,Turtledove,352,549,35
439139,304,Turtledove,347,551,35
422033,304,Turtledove,350,552,35
433065,304,Turtledove,358,552,35
421435,304,Turtledove,343,535,35
421178,304,Turtledove,347,532,35
433845,132,Robin,401,569,35
428942,132,Robin,428,567,35
413494,132,Robin,424,571,35
437904,132,Robin,411,578,35
406660,132,Robin,413,576,35
427289,304,Turtledove,369,587,35
440813,132,Robin,403,604,35
414680,132,Robin,399,604,35
415035,132,Robin,407,603,35
413190,132,Robin,399,598,35
420736,132,Robin,402,606,35
411270,132,Robin,396,608,35
428796,132,Robin,396,606,35
406764,132,Robin,413,615,35
421466,132,Robin,400,630,35
417913,132,Robin,387,630,35
417657,132,Robin,416,599,35
403205,132,Robin,424,602,35
429144,132,Robin,426,639,35
425434,132,Robin,432,584,35
410311,132,Robin,442,591,35
410299,132,Robin,432,589,35
415840,132,Robin,431,600,35
404568,132,Robin,430,601,35
403282,132,Robin,435,601,35
440397,132,Robin,441,583,35
433123,132,Robin,442,590,35
435330,132,Robin,443,587,35
400652,132,Robin,438,604,35
409644,132,Robin,437,613,35
435249,132,Robin,421,579,35
423297,132,Robin,455,583,35
432574,132,Robin,423,576,35
413145,132,Robin,470,602,35
406586,132,Robin,471,607,35
415214,132,Robin,471,610,35
405081,132,Robin,472,600,35
407104,132,Robin,453,619,35
425914,132,Robin,476,608,35
415862,132,Robin,474,611,35
406618,132,Robin,484,610,35
426892,132,Robin,482,612,35
425698,132,Robin,481,630,35
432844,132,Robin,465,627,35
408866,132,Robin,440,632,35
416718,132,Robin,427,646,35
415300,132,Robin,426,651,35
428386,132,Robin,425,650,35
417022,132,Robin,410,656,35
405052,132,Robin,412,658,35
415462,132,Robin,408,651,35
405818,132,Robin,406,650,35
430359,132,Robin,404,649,35
418704,132,Robin,398,648,35
434882,132,Robin,438,646,35
414850,132,Robin,444,650,35
415502,132,Robin,445,651,35
427888,132,Robin,406,640,35
403958,132,Robin,436,657,35
428935,132,Robin,423,661,35
417696,132,Robin,431,661,35
428456,132,Robin,396,643,35
404344,132,Robin,387,652,35
416209,132,Robin,395,662,35
420465,132,Robin,393,636,35
430206,132,Robin,393,643,35
404113,132,Robin,386,639,35
428889,132,Robin,393,642,35
418241,132,Robin,394,646,35
405722,132,Robin,392,641,35
435770,132,Robin,392,645,35
432376,132,Robin,395,640,35
438080,132,Robin,376,649,35
435188,132,Robin,382,640,35
420198,132,Robin,380,647,35
424509,132,Robin,395,676,35
426059,132,Robin,397,682,35
435125,132,Robin,391,684,35
414844,132,Robin,407,679,35
413265,132,Robin,411,687,35
415919,132,Robin,407,685,35
429497,132,Robin,409,692,35
429298,132,Robin,401,693,35
418719,132,Robin,413,694,35
400754,132,Robin,412,687,35
430317,132,Robin,413,672,35
404930,132,Robin,417,672,35
424689,132,Robin,420,673,35
405639,132,Robin,415,674,35
413338,132,Robin,419,679,35
417095,132,Robin,414,681,35
426170,132,Robin,427,704,35
406708,132,Robin,421,683,35
431379,132,Robin,424,672,35
438092,132,Robin,430,675,35
401126,132,Robin,426,686,35
435215,132,Robin,430,697,35
439563,132,Robin,431,690,35
419494,132,Robin,425,693,35
435590,132,Robin,427,708,35
422506,132,Robin,431,710,35
421147,132,Robin,447,711,35
422919,132,Robin,444,714,35
424634,132,Robin,438,681,35
413272,132,Robin,436,692,35
441338,132,Robin,438,689,35
427499,132,Robin,435,696,35
405236,132,Robin,440,706,35
435636,132,Robin,444,671,35
413760,132,Robin,449,671,35
417781,132,Robin,455,664,35
404053,132,Robin,458,678,35
423303,132,Robin,452,674,35
406306,132,Robin,487,615,35
437179,132,Robin,486,616,35
435100,132,Robin,505,619,35
422201,132,Robin,505,639,35
413274,132,Robin,507,642,35
415935,132,Robin,507,661,35
414603,132,Robin,520,661,35
407049,132,Robin,511,671,35
402921,132,Robin,491,676,35
413239,132,Robin,501,673,35
413668,132,Robin,489,680,35
400657,132,Robin,486,679,35
418483,132,Robin,470,677,35
416038,132,Robin,518,673,35
432750,132,Robin,509,677,35
426875,132,Robin,506,680,35
413745,132,Robin,504,681,35
438277,132,Robin,487,690,35
413275,132,Robin,492,686,35
415548,132,Robin,495,684,35
435837,132,Robin,478,685,35
430598,132,Robin,512,689,35
418350,132,Robin,509,693,35
426812,132,Robin,515,684,35
412292,132,Robin,513,690,35
438545,132,Robin,507,689,35
436923,132,Robin,521,690,35
413082,132,Robin,489,695,35
406983,132,Robin,490,698,35
435479,132,Robin,499,700,35
407063,132,Robin,503,693,35
421904,132,Robin,478,696,35
429694,132,Robin,481,701,35
423121,132,Robin,504,697,35
415549,132,Robin,513,693,35
425071,132,Robin,517,693,35
438800,132,Robin,518,697,35
432826,132,Robin,516,701,35
425924,132,Robin,490,706,35
413660,132,Robin,477,706,35
425184,132,Robin,476,708,35
431698,132,Robin,518,711,35
414512,132,Robin,472,737,35
429010,132,Robin,472,723,35
420303,132,Robin,517,716,35
411976,132,Robin,504,717,35
406368,132,Robin,505,722,35
421035,132,Robin,501,715,35
426641,132,Robin,497,716,35
415939,132,Robin,457,726,35
429691,132,Robin,464,725,35
412322,132,Robin,457,734,35
437796,132,Robin,458,704,35
408266,132,Robin,462,716,35
413790,132,Robin,461,710,35
419074,132,Robin,455,741,35
439342,132,Robin,458,739,35
428573,132,Robin,447,738,35
405606,132,Robin,449,720,35
422635,132,Robin,449,704,35
439369,132,Robin,451,718,35
414174,132,Robin,456,718,35
402032,132,Robin,455,703,35
402289,132,Robin,454,703,35
430570,132,Robin,450,710,35
416076,132,Robin,462,745,35
441449,132,Robin,447,736,35
404670,132,Robin,445,730,35
415983,132,Robin,444,725,35
415333,132,Robin,437,725,35
420506,132,Robin,478,761,35
442081,132,Robin,469,760,35
413405,132,Robin,511,786,35
404434,132,Robin,526,779,35
437324,132,Robin,450,703,35
432180,132,Robin,526,693,35
410849,132,Robin,527,705,35
413085,132,Robin,524,719,35
406026,132,Robin,537,730,35
418238,132,Robin,533,684,35
432023,132,Robin,539,701,35
422524,132,Robin,542,729,35
427107,132,Robin,530,716,35
430219,132,Robin,549,696,35
426838,132,Robin,554,690,35
439124,132,Robin,554,704,35
415527,132,Robin,569,685,35
405383,132,Robin,559,698,35
428444,132,Robin,569,698,35
416435,132,Robin,565,698,35
417400,132,Robin,563,717,35
400671,132,Robin,568,710,35
422489,132,Robin,563,727,35
431509,132,Robin,565,729,35
400031,132,Robin,568,725,35
440278,132,Robin,541,738,35
400135,132,Robin,546,738,35
436871,132,Robin,573,747,35
418539,132,Robin,567,748,35
425601,132,Robin,542,756,35
422336,132,Robin,561,774,35
423387,132,Robin,581,758,35
434463,132,Robin,577,767,35
403553,132,Robin,591,737,35
418565,132,Robin,591,729,35
406334,132,Robin,587,730,35
408737,132,Robin,604,730,35
403071,132,Robin,600,713,35
406696,132,Robin,607,707,35
422492,132,Robin,618,703,35
431446,132,Robin,620,709,35
418805,132,Robin,626,710,35
425455,132,Robin,618,711,35
404114,132,Robin,617,727,35
441283,132,Robin,623,720,35
415999,132,Robin,585,707,35
428401,132,Robin,614,701,35
405153,132,Robin,591,688,35
402300,132,Robin,628,697,35
407770,132,Robin,639,697,35
440210,132,Robin,640,699,35
407702,132,Robin,630,704,35
416769,132,Robin,630,710,35
442143,132,Robin,630,702,35
407116,132,Robin,644,691,35
433632,132,Robin,653,677,35
439418,132,Robin,622,679,35
424261,132,Robin,641,679,35
430165,132,Robin,636,676,35
430575,132,Robin,629,670,35
432228,108,Apparition,673,654,35
404296,508,HeavyGhostL23,672,656,35
428810,132,Robin,667,676,35
428547,508,HeavyGhostL23,641,641,35
403257,108,Apparition,622,639,35
425133,108,Apparition,622,641,35
437913,132,Robin,587,689,35
402404,132,Robin,576,687,35
416118,132,Robin,584,684,35
402388,132,Robin,580,691,35
410844,132,Robin,580,687,35
414488,132,Robin,552,681,35
401977,132,Robin,549,680,35
440287,132,Robin,549,679,35
426076,132,Robin,556,681,35
434585,132,Robin,546,683,35
411959,132,Robin,566,678,35
424251,132,Robin,572,672,35
406614,132,Robin,567,682,35
408760,132,Robin,568,680,35
432803,132,Robin,575,677,35
425756,132,Robin,578,675,35
419382,132,Robin,584,675,35
428774,132,Robin,580,681,35
431641,132,Robin,583,677,35
417236,132,Robin,576,674,35
406977,132,Robin,576,682,35
429637,132,Robin,584,683,35
414819,132,Robin,584,672,35
409703,108,Apparition,598,675,35
410374,132,Robin,596,669,35
426813,132,Robin,596,673,35
440378,132,Robin,564,671,35
436412,108,Apparition,601,660,35
423291,108,Apparition,582,650,35
437954,108,Apparition,590,647,35
425767,508,HeavyGhostL23,577,647,35
401418,108,Apparition,576,630,35
417214,132,Robin,532,673,35
407722,132,Robin,532,680,35
415320,132,Robin,534,680,35
434454,132,Robin,523,681,35
406855,132,Robin,517,641,35
411509,132,Robin,519,632,35
405190,132,Robin,522,640,35
415553,132,Robin,526,657,35
413273,132,Robin,531,631,35
416140,132,Robin,521,626,35
405191,132,Robin,523,629,35
406930,108,Apparition,551,626,35
408317,508,HeavyGhostL23,540,639,35
435467,132,Robin,522,623,35
428726,508,HeavyGhostL23,552,617,35
432188,308,BattleGhost,545,605,35
405825,132,Robin,503,599,35
406086,132,Robin,499,590,35
416025,132,Robin,519,582,35
423678,132,Robin,488,606,35
423410,132,Robin,472,602,35
423184,132,Robin,478,583,35
433084,132,Robin,448,685,35
408812,132,Robin,448,687,35
417520,108,Apparition,556,590,35
432765,108,GhostKing,539,571,35
435834,108,Apparition,539,567,35
435948,108,Apparition,538,575,35
416237,108,Apparition,542,571,35
442164,108,Apparition,554,570,35
417506,108,Apparition,557,570,35
405890,108,Apparition,542,550,35
400772,508,HeavyGhostL23,560,556,35
415008,108,Apparition,558,555,35
427598,108,Apparition,558,582,35
436996,508,HeavyGhostL23,573,546,35
423330,108,Apparition,547,532,35
406632,108,Apparition,591,566,35
439788,508,HeavyGhostL23,568,551,35
422942,508,HeavyGhostL23,590,571,35
416446,108,Apparition,583,569,35
411448,108,Apparition,591,574,35
407729,108,Apparition,587,580,35
431673,108,Apparition,593,586,35
409549,108,Apparition,576,581,35
427139,108,Apparition,596,587,35
404953,108,Apparition,588,589,35
421202,108,Apparition,577,597,35
407663,108,Apparition,595,607,35
407312,108,Apparition,599,607,35
413219,108,Apparition,576,611,35
410688,108,Apparition,598,612,35
418553,108,Apparition,578,614,35
413511,508,HeavyGhostL23,581,626,35
408421,108,Apparition,583,621,35
422334,108,Apparition,592,615,35
438685,108,Apparition,596,577,35
435475,108,Apparition,594,616,35
404175,108,Apparition,593,636,35
400007,108,Apparition,582,628,35
422646,108,Apparition,632,629,35
416473,508,HeavyGhostL23,651,616,35
429624,508,HeavyGhostL23,652,626,35
430961,108,Apparition,692,640,35
414509,108,Apparition,689,640,35
417357,108,Apparition,689,642,35
421974,108,Apparition,686,647,35
413551,508,HeavyGhostL23,673,618,35
418689,108,Apparition,671,625,35
418800,108,Apparition,699,624,35
440382,108,Apparition,699,614,35
417180,108,Apparition,707,619,35
415850,508,HeavyGhostL23,711,621,35
405916,108,Apparition,707,606,35
401173,108,Apparition,669,606,35
416327,108,Apparition,683,601,35
440370,108,Apparition,695,605,35
400708,508,HeavyGhostL23,701,599,35
420757,508,HeavyGhostL23,695,599,35
433916,108,Apparition,642,576,35
432470,508,HeavyGhostL23,675,580,35
408875,108,Apparition,629,572,35
410403,108,Apparition,614,573,35
412319,508,HeavyGhostL23,644,574,35
425276,508,HeavyGhostL23,664,573,35
403673,108,Apparition,638,568,35
441329,108,Apparition,659,567,35
422539,508,HeavyGhostL23,657,568,35
429487,108,Apparition,605,527,35
421383,108,Apparition,577,517,35
423947,508,HeavyGhostL23,637,522,35
423604,108,Apparition,647,516,35
411617,108,Apparition,661,539,35
413340,108,Apparition,666,541,35
405730,108,Apparition,673,568,35
406280,508,HeavyGhostL23,673,572,35
402339,508,HeavyGhostL23,673,574,35
406677,508,HeavyGhostL23,679,574,35
437301,108,Apparition,675,577,35
414562,108,Apparition,682,541,35
427305,108,Apparition,682,553,35
437344,508,HeavyGhostL23,697,584,35
428190,108,Apparition,695,558,35
404291,108,Apparition,702,588,35
421283,108,Apparition,702,582,35
439721,108,Apparition,708,591,35
414775,508,HeavyGhostL23,716,577,35
414815,108,Apparition,719,592,35
430180,108,Apparition,734,585,35
405845,108,Apparition,727,578,35
437725,108,Apparition,720,612,35
419897,108,Apparition,745,588,35
433986,108,Apparition,738,590,35
427239,108,Apparition,741,592,35
402950,508,HeavyGhostL23,743,589,35
403605,108,Apparition,740,588,35
431504,508,HeavyGhostL23,748,584,35
425269,508,HeavyGhostL23,740,578,35
405047,108,Apparition,738,594,35
434667,108,Apparition,752,585,35
437015,508,HeavyGhostL23,714,568,35
413499,108,Apparition,703,571,35
423016,108,Apparition,717,559,35
421766,108,Apparition,711,542,35
424341,108,Apparition,707,543,35
422209,508,HeavyGhostL23,722,554,35
414564,108,Apparition,726,551,35
433833,508,HeavyGhostL23,700,549,35
406983,108,Apparition,688,549,35
413492,108,Apparition,689,552,35
415175,108,Apparition,713,547,35
421801,108,Apparition,715,541,35
415154,108,Apparition,717,544,35
407805,108,Apparition,719,541,35
429093,108,Apparition,723,544,35
415467,508,HeavyGhostL23,733,546,35
409686,508,HeavyGhostL23,678,527,35
426023,108,Apparition,679,539,35
435339,508,HeavyGhostL23,686,530,35
401310,108,Apparition,714,535,35
441263,108,Apparition,714,538,35
431481,108,Apparition,691,524,35
422014,108,Apparition,701,522,35
434628,108,Apparition,708,531,35
432781,108,Apparition,717,526,35
434231,108,Apparition,714,529,35
401393,108,Apparition,712,532,35
416053,508,HeavyGhostL23,710,533,35
433295,108,Apparition,668,514,35
429223,108,Apparition,673,515,35
415202,508,HeavyGhostL23,668,509,35
440490,108,Apparition,692,513,35
439566,108,Apparition,692,508,35
403517,108,Apparition,686,521,35
419082,108,Apparition,698,521,35
405927,508,HeavyGhostL23,658,500,35
429045,508,HeavyGhostL23,680,486,35
415059,508,HeavyGhostL23,683,486,35
412220,108,Apparition,599,467,35
427783,108,Apparition,628,455,35
432401,108,Apparition,642,463,35
427466,508,HeavyGhostL23,630,458,35
433925,108,Apparition,604,453,35
410674,108,Apparition,629,450,35
433560,508,HeavyGhostL23,582,437,35
410328,108,Apparition,608,437,35
429839,108,Apparition,573,438,35
402232,108,Apparition,592,428,35
403521,108,Apparition,591,421,35
432382,508,HeavyGhostL23,591,413,35
427764,108,Apparition,615,399,35
420233,108,Apparition,644,432,35
417625,508,HeavyGhostL23,643,436,35
419839,108,Apparition,641,440,35
421477,108,Apparition,648,436,35
415521,108,Apparition,659,463,35
432427,108,Apparition,656,438,35
426230,108,Apparition,661,438,35
419450,108,Apparition,650,436,35
433645,508,HeavyGhostL23,651,448,35
421252,108,Apparition,650,433,35
402983,508,HeavyGhostL23,663,474,35
422027,108,Apparition,665,442,35
412383,108,Apparition,671,439,35
417334,508,HeavyGhostL23,675,463,35
439820,508,HeavyGhostL23,670,466,35
431546,508,HeavyGhostL23,678,471,35
436427,108,Apparition,667,468,35
420460,108,Apparition,679,432,35
440080,108,Apparition,683,437,35
428585,108,Apparition,684,478,35
441991,108,Apparition,652,428,35
429640,508,HeavyGhostL23,642,406,35
405401,508,HeavyGhostL23,647,408,35
425769,108,Apparition,674,410,35
408577,508,GrislySpecter,660,397,35
433293,108,Apparition,609,397,35
402310,508,HeavyGhostL23,673,399,35
427036,108,Apparition,683,508,35
424238,108,Apparition,683,505,35
440926,108,Apparition,688,505,35
403538,508,HeavyGhostL23,685,506,35
400176,108,Apparition,706,491,35
407112,108,Apparition,704,503,35
435804,108,Apparition,702,507,35
409596,108,Apparition,710,515,35
417705,108,Apparition,714,517,35
422317,108,Apparition,710,521,35
435671,108,Apparition,732,537,35
433700,108,Apparition,723,538,35
432178,508,HeavyGhostL23,734,536,35
429448,108,Apparition,721,526,35
435131,508,HeavyGhostL23,730,524,35
436853,108,Apparition,722,532,35
436058,108,Apparition,735,522,35
436429,108,Apparition,744,523,35
416143,108,Apparition,746,525,35
435890,108,Apparition,738,522,35
437027,108,Apparition,738,524,35
432363,108,Apparition,742,522,35
414770,508,HeavyGhostL23,743,540,35
414596,108,Apparition,750,530,35
430190,108,Apparition,752,526,35
427261,108,Apparition,754,536,35
431317,108,Apparition,753,530,35
417071,508,HeavyGhostL23,748,523,35
436770,508,HeavyGhostL23,749,537,35
419107,108,Apparition,758,535,35
437473,108,Apparition,756,530,35
421186,508,HeavyGhostL23,758,568,35
422950,108,Apparition,758,572,35
421774,108,Apparition,748,547,35
432380,108,Apparition,750,543,35
421530,108,Apparition,767,524,35
437742,108,Apparition,772,522,35
407678,108,Apparition,767,554,35
440930,108,Apparition,771,545,35
426945,108,Apparition,771,553,35
428633,508,HeavyGhostL23,773,552,35
417110,108,Apparition,773,548,35
406083,108,Apparition,767,562,35
418663,508,HeavyGhostL23,762,571,35
431444,508,HeavyGhostL23,765,565,35
436260,508,HeavyGhostL23,763,566,35
418907,108,Apparition,749,516,35
433106,108,Apparition,753,516,35
409543,108,Apparition,753,508,35
410692,108,Apparition,754,511,35
427518,108,Apparition,755,517,35
423160,108,Apparition,755,506,35
421311,108,Apparition,767,521,35
417869,108,Apparition,756,509,35
407075,108,Apparition,775,522,35
405541,108,Apparition,735,510,35
423167,108,Apparition,732,514,35
427872,108,Apparition,721,516,35
419860,508,HeavyGhostL23,721,510,35
403646,108,Apparition,739,514,35
416021,108,Apparition,746,505,35
438778,108,Apparition,763,515,35
405474,108,Apparition,769,513,35
406072,108,Apparition,767,510,35
426232,108,Apparition,770,511,35
419970,508,HeavyGhostL23,764,509,35
419845,108,Apparition,764,517,35
413524,108,Apparition,735,505,35
430795,108,Apparition,733,505,35
408872,108,Apparition,732,489,35
426266,108,Apparition,731,502,35
419581,108,Apparition,749,499,35
406524,108,Apparition,749,501,35
411534,108,Apparition,773,502,35
429546,108,Apparition,758,506,35
417721,108,Apparition,770,507,35
406281,108,Apparition,766,493,35
416109,108,Apparition,737,494,35
424936,108,Apparition,729,495,35
437890,108,Apparition,746,491,35
414930,108,Apparition,749,487,35
438443,108,Apparition,739,492,35
401789,108,Apparition,772,492,35
438109,108,Apparition,765,498,35
440692,508,HeavyGhostL23,756,496,35
442112,108,Apparition,772,488,35
429301,508,HeavyGhostL23,724,477,35
418771,108,Apparition,737,484,35
412019,108,Apparition,763,483,35
441791,508,HeavyGhostL23,765,482,35
427827,508,HeavyGhostL23,763,478,35
429744,508,HeavyGhostL23,770,485,35
436522,108,Apparition,741,474,35
426542,108,Apparition,766,477,35
429706,508,HeavyGhostL23,760,476,35
407750,108,Apparition,777,493,35
420509,108,Apparition,776,489,35
423898,508,HeavyGhostL23,774,488,35
435045,108,Apparition,774,510,35
433402,108,Apparition,752,473,35
402331,108,Apparition,753,470,35
423255,508,HeavyGhostL23,750,472,35
431960,508,HeavyGhostL23,748,473,35
420450,508,HeavyGhostL23,753,468,35
427398,108,Apparition,743,462,35
436951,108,Apparition,743,460,35
402705,508,HeavyGhostL23,740,458,35
436572,108,Apparition,738,452,35
426184,108,Apparition,729,472,35
431757,508,HeavyGhostL23,735,455,35
424842,108,Apparition,703,452,35
404948,108,Apparition,719,458,35
402225,108,Apparition,731,443,35
422319,508,HeavyGhostL23,716,440,35
413118,508,HeavyGhostL23,710,455,35
438688,108,Apparition,702,425,35
430199,108,Apparition,692,411,35
440752,108,Apparition,686,400,35
436854,508,HeavyGhostL23,642,355,35
407329,508,HeavyGhostL23,651,390,35
405379,508,HeavyGhostL23,652,442,35
424382,508,HeavyGhostL23,639,469,35
419910,508,HeavyGhostL23,672,482,35
406474,508,HeavyGhostL23,713,487,35
412511,508,HeavyGhostL23,715,497,35
430423,108,Apparition,694,521,35
430856,108,Apparition,686,536,35
416188,508,HeavyGhostL23,568,508,35
414694,108,Apparition,566,508,35
435392,508,HeavyGhostL23,572,519,35
419388,108,Apparition,570,504,35
420169,108,Apparition,572,504,35
431400,508,HeavyGhostL23,574,510,35
435962,108,Apparition,574,508,35
425880,108,Apparition,565,510,35
423676,108,Apparition,568,505,35
420325,108,Apparition,621,516,35
440684,508,HeavyGhostL23,647,491,35
422948,108,Apparition,621,480,35
420138,508,HeavyGhostL23,621,415,35
434505,508,HeavyGhostL23,644,409,35
423889,104,Pheasant,180,172,35
438793,104,Pheasant,180,175,35
440149,104,Pheasant,180,179,35
425814,104,Pheasant,180,178,35
432257,104,Pheasant,180,172,35
432751,104,Pheasant,180,172,35
432756,104,Pheasant,180,172,35
417328,104,Pheasant,200,154,35
433319,104,Pheasant,200,154,35
403834,104,Pheasant,200,154,35
432117,104,Pheasant,200,154,35
415442,104,Pheasant,200,154,35
406470,104,Pheasant,200,154,35
435404,104,Pheasant,200,154,35
442165,104,Pheasant,200,154,35
430542,104,Pheasant,200,154,35
400793,104,Pheasant,200,154,35
410338,104,Pheasant,200,154,35
413404,104,Pheasant,200,154,35
415297,104,Pheasant,200,154,35
433046,104,Pheasant,200,154,35
442065,104,Pheasant,201,181,35
417750,104,Pheasant,201,181,35
440467,104,Pheasant,201,181,35
431602,104,Pheasant,201,181,35
432829,104,Pheasant,201,181,35
426782,104,Pheasant,201,181,35
431371,104,Pheasant,201,181,35
432904,104,Pheasant,201,181,35
423765,104,Pheasant,201,181,35
404077,104,Pheasant,201,181,35
405617,104,Pheasant,201,181,35
442071,104,Pheasant,201,181,35
418271,104,Pheasant,201,181,35
404351,104,Pheasant,201,181,35
426852,104,Pheasant,201,181,35
401516,104,Pheasant,201,181,35
407533,104,Pheasant,201,181,35
405198,104,Pheasant,201,181,35
441780,104,Pheasant,201,181,35
439053,104,Pheasant,201,181,35
430506,104,Pheasant,201,181,35
437713,104,Pheasant,387,330,35
419518,104,Pheasant,394,325,35
442289,104,Pheasant,394,329,35
431709,104,Pheasant,394,328,35