429847,601,BanditL98,359,298,1015
406943,201,BanditL97,320,270,1015
407689,201,BanditL97,317,261,1015
421784,201,BanditL97,314,259,1015
440406,601,BanditL98,318,253,1015
429535,201,BanditL97,331,268,1015
430887,201,BanditL97,338,271,1015
434543,201,BanditL97,324,276,1015
443487,201,BanditL97,299,265,1015
439969,201,BanditL97,304,258,1015
407947,601,BanditL98,304,268,1015
437583,201,BanditL97,310,267,1015
429876,201,BanditL97,295,254,1015
423402,201,BanditL97,275,272,1015
433421,201,BanditL97,278,254,1015
440289,201,BanditL97,281,268,1015
417817,201,BanditL97,286,267,1015
433307,201,BanditL97,278,269,1015
431766,201,BanditL97,272,275,1015
416971,201,BanditL97,261,263,1015
434609,201,BanditL97,323,252,1015
440291,201,BanditL97,321,253,1015
433781,201,BanditL97,331,258,1015
418452,201,BanditL97,330,255,1015
416979,201,BanditL97,328,255,1015
436409,201,BanditL97,324,254,1015
416452,601,BanditL98,350,254,1015
438483,201,BanditL97,343,254,1015
428655,201,BanditL97,358,267,1015
429585,201,BanditL97,364,257,1015
418342,601,BanditL98,367,261,1015
423634,201,BanditL97,378,265,1015
438045,201,BanditL97,402,271,1015
423904,601,BanditL98,405,291,1015
443436,601,BanditL98,408,290,1015
430803,601,BanditL98,405,289,1015
443435,201,BanditL97,414,277,1015
430956,601,BanditL98,435,290,1015
422648,601,BanditL98,437,289,1015
405646,201,BanditL97,410,260,1015
430166,201,BanditL97,413,257,1015
416541,201,BanditL97,413,260,1015
434429,201,BanditL97,403,269,1015
419739,201,BanditL97,400,269,1015
420018,201,BanditL97,409,269,1015
418503,201,BanditL97,387,252,1015
437338,201,BanditL97,371,243,1015
444983,201,BanditL97,361,251,1015
427266,201,BanditL97,406,250,1015
407670,201,BanditL97,328,242,1015
428379,201,BanditL97,334,235,1015
420633,201,BanditL97,335,240,1015
435351,201,BanditL97,336,235,1015
442919,201,BanditL97,312,244,1015
407806,601,BanditL98,320,248,1015
431687,201,BanditL97,295,223,1015
419728,201,BanditL97,295,227,1015
431788,201,BanditL97,328,224,1015
416166,241,RobberKing,308,224,1015
442668,201,BanditL97,290,237,1015
438323,201,BanditL97,275,243,1015
430978,201,BanditL97,265,223,1015
418735,201,BanditL97,268,214,1015
432695,201,BanditL97,264,208,1015
417054,201,BanditL97,277,211,1015
425510,201,BanditL97,285,200,1015
416554,201,BanditL97,334,224,1015
417301,201,BanditL97,341,219,1015
431535,201,BanditL97,331,218,1015
444971,201,BanditL97,332,216,1015
416913,201,BanditL97,346,218,1015
421936,201,BanditL97,343,217,1015
425113,201,BanditL97,344,223,1015
427468,201,BanditL97,355,216,1015
425467,201,BanditL97,365,230,1015
420062,201,BanditL97,360,233,1015
439011,201,BanditL97,380,217,1015
417009,201,BanditL97,403,245,1015
434179,201,BanditL97,401,246,1015
416218,201,BanditL97,434,245,1015
438219,201,BanditL97,431,252,1015
424489,201,BanditL97,446,235,1015
425513,601,BanditL98,437,235,1015
433868,201,BanditL97,409,222,1015
435980,201,BanditL97,408,224,1015
444970,201,BanditL97,405,223,1015
442156,201,BanditL97,402,230,1015
418819,601,BanditL98,419,226,1015
437815,201,BanditL97,434,226,1015
405928,201,BanditL97,399,231,1015
437796,201,BanditL97,383,217,1015
406625,201,BanditL97,389,231,1015
420890,241,RobberKing,420,217,1015
441360,201,BanditL97,431,217,1015
434203,201,BanditL97,382,215,1015
431961,201,BanditL97,386,214,1015
442410,201,BanditL97,358,213,1015
416135,601,BanditL98,386,212,1015
430644,201,BanditL97,344,215,1015
440180,201,BanditL97,342,201,1015
420051,201,BanditL97,346,216,1015
434221,201,BanditL97,339,200,1015
444985,201,BanditL97,316,213,1015
405915,201,BanditL97,276,195,1015
437866,201,BanditL97,289,182,1015
417429,601,BanditL98,314,192,1015
420980,601,BanditL98,312,192,1015
429805,601,BanditL98,295,205,1015
430638,201,BanditL97,280,178,1015
438014,601,BanditL98,278,178,1015
418317,201,BanditL97,393,204,1015
431051,201,BanditL97,391,205,1015
439626,201,BanditL97,401,201,1015
423296,201,BanditL97,403,198,1015
415658,201,BanditL97,419,211,1015
407602,201,BanditL97,421,207,1015
430725,201,BanditL97,423,211,1015
416679,601,BanditL98,416,198,1015
405484,201,BanditL97,427,201,1015
417135,201,BanditL97,433,211,1015
421832,201,BanditL97,444,208,1015
416756,201,BanditL97,440,222,1015
439897,201,BanditL97,444,226,1015
435420,201,BanditL97,416,193,1015
424242,201,BanditL97,416,196,1015
407771,201,BanditL97,420,183,1015
424183,201,BanditL97,418,180,1015
418746,201,BanditL97,416,168,1015
419986,201,BanditL97,409,181,1015
436041,241,RobberAide,403,162,1015
432592,201,BanditL97,409,174,1015
420754,201,BanditL97,399,195,1015
405544,201,BanditL97,401,195,1015
427976,201,BanditL97,393,198,1015
442465,201,BanditL97,321,180,1015
420123,201,BanditL97,313,180,1015
400813,201,BanditL97,328,197,1015
438585,201,BanditL97,307,181,1015
433705,201,BanditL97,332,193,1015
433311,201,BanditL97,318,180,1015
438827,201,BanditL97,288,169,1015
442171,201,BanditL97,288,172,1015
424446,201,BanditL97,295,173,1015
423344,201,BanditL97,302,172,1015
426594,201,BanditL97,304,176,1015
416153,201,BanditL97,312,169,1015
430447,201,BanditL97,307,174,1015
419002,201,BanditL97,307,178,1015
440351,201,BanditL97,310,177,1015
423688,201,BanditL97,307,167,1015
440709,201,BanditL97,314,168,1015
429431,201,BanditL97,322,172,1015
431207,201,BanditL97,333,179,1015
444759,201,BanditL97,336,188,1015
440678,201,BanditL97,333,186,1015
429930,201,BanditL97,340,184,1015
423315,201,BanditL97,348,184,1015
417322,241,RobberAide,343,185,1015
429438,201,BanditL97,363,181,1015
430207,201,BanditL97,373,189,1015
432847,201,BanditL97,370,189,1015
431658,201,BanditL97,369,191,1015
430881,201,BanditL97,374,192,1015
418476,201,BanditL97,383,189,1015
440026,201,BanditL97,384,196,1015
433012,201,BanditL97,387,197,1015
444862,201,BanditL97,391,192,1015
433984,201,BanditL97,398,184,1015
420333,201,BanditL97,397,194,1015
434434,201,BanditL97,397,180,1015
421843,201,BanditL97,389,168,1015
430668,601,BanditL98,375,168,1015
435505,201,BanditL97,380,166,1015
436458,201,BanditL97,380,176,1015
434536,601,BanditL98,381,172,1015
438577,601,BanditL98,380,170,1015
436321,201,BanditL97,378,167,1015
440651,201,BanditL97,364,169,1015
437874,201,BanditL97,367,170,1015
405760,201,BanditL97,368,168,1015
436329,241,RobberMessenger,351,180,1015
433965,201,BanditL97,354,165,1015
433731,201,BanditL97,355,176,1015
434384,201,BanditL97,343,174,1015
420013,201,BanditL97,339,175,1015
434333,201,BanditL97,333,157,1015
427575,201,BanditL97,332,161,1015
438137,201,BanditL97,339,145,1015
424281,201,BanditL97,317,148,1015
437343,201,BanditL97,327,159,1015
418442,201,BanditL97,313,156,1015
441097,201,BanditL97,312,158,1015
416409,201,BanditL97,304,155,1015
435238,201,BanditL97,310,154,1015
430615,201,BanditL97,309,159,1015
406633,201,BanditL97,306,153,1015
431415,201,BanditL97,287,147,1015
407782,201,BanditL97,294,152,1015
415850,601,BanditL98,291,158,1015
436792,201,BanditL97,291,149,1015
407013,201,BanditL97,295,160,1015
423205,601,BanditL98,293,160,1015
434204,241,RobberMessenger,279,123,1015
433723,201,BanditL97,313,127,1015
434521,201,BanditL97,316,137,1015
415357,241,RobberMessenger,317,127,1015
426628,201,BanditL97,318,132,1015
443304,201,BanditL97,321,126,1015
427615,201,BanditL97,333,135,1015
435823,201,BanditL97,333,126,1015
421980,201,BanditL97,337,143,1015
425416,201,BanditL97,335,142,1015
421956,201,BanditL97,317,123,1015
441017,241,RobberAide,315,125,1015
440591,201,BanditL97,330,121,1015
420861,201,BanditL97,332,121,1015
430571,205,HawKing,340,494,1015
444547,205,HawKing,357,491,1015
407048,205,HawKing,343,491,1015
429464,205,HawKing,354,491,1015
417226,205,HawKing,356,503,1015
416197,205,HawKing,351,505,1015
437723,205,HawKing,337,497,1015
419671,605,HawkL93,339,515,1015
426630,205,HawKing,353,516,1015
436720,205,HawKing,357,530,1015
427989,605,HawkL93,363,490,1015
428083,205,HawKing,361,489,1015
430456,205,HawKing,364,500,1015
417508,205,HawKing,364,494,1015
434236,205,HawKing,360,495,1015
419992,605,HawkL93,362,508,1015
423507,205,HawKing,361,524,1015
424386,605,HawkL93,362,531,1015
412098,605,HawkL93,363,536,1015
417277,205,HawKing,356,513,1015
426617,205,HawKing,343,525,1015
428111,205,HawKing,343,527,1015
438158,205,HawKing,349,530,1015
415471,605,HawkL93,365,515,1015
434467,605,HawkL93,373,529,1015
421869,205,HawKing,368,513,1015
441698,205,HawKing,368,540,1015
430494,205,HawKing,352,548,1015
438328,205,HawKing,358,551,1015
403639,605,HawkL93,361,542,1015
433848,205,HawKing,355,559,1015
433203,605,HawkL93,367,562,1015
440602,205,HawKing,358,554,1015
429697,205,HawKing,364,574,1015
421076,605,HawkL93,378,584,1015
433092,205,HawKing,374,595,1015
424478,205,HawKing,394,627,1015
423163,205,HawKing,402,601,1015
437144,205,HawKing,413,576,1015
435942,205,HawKing,408,608,1015
405705,205,HawKing,402,559,1015
430357,605,HawkL93,367,548,1015
406615,605,HawkL93,362,549,1015
433923,205,HawKing,388,547,1015
405542,605,HawkL93,378,547,1015
443251,205,HawKing,398,546,1015
434571,605,HawkL93,413,544,1015
430400,205,HawKing,411,552,1015
406581,205,HawKing,381,546,1015
429686,605,HawkL93,383,536,1015
407008,205,HawKing,378,536,1015
417389,605,HawkL93,400,537,1015
423607,605,HawkL93,396,535,1015
417443,205,HawKing,405,537,1015
433734,605,HawkL93,412,542,1015
407894,205,HawKing,382,556,1015
408746,205,HawKing,382,523,1015
420834,205,HawKing,408,525,1015
436526,605,HawkL93,405,525,1015
424633,205,HawKing,385,515,1015
416962,605,HawkL93,387,517,1015
416941,605,HawkL93,381,513,1015
417083,205,HawKing,393,517,1015
419944,205,HawKing,407,520,1015
416618,605,HawkL93,400,515,1015
443790,205,HawKing,406,515,1015
440342,205,HawKing,399,522,1015
416836,205,HawKing,375,508,1015
424290,605,HawkL93,376,512,1015
418561,205,HawKing,381,508,1015
419813,205,HawKing,401,510,1015
423779,205,HawKing,377,503,1015
438012,205,HawKing,363,503,1015
436252,605,HawkL93,371,502,1015
436676,605,HawkL93,388,501,1015
421436,605,HawkL93,397,536,1015
423775,605,HawkL93,374,493,1015
435845,605,HawkL93,369,498,1015
436039,605,HawkL93,366,498,1015
431579,605,HawkL93,367,493,1015
429521,605,HawkL93,386,495,1015
405686,205,HawKing,388,494,1015
406540,605,HawkL93,384,493,1015
423496,205,HawKing,407,492,1015
440340,205,HawKing,407,490,1015
421470,205,HawKing,394,502,1015
436323,205,HawKing,397,487,1015
438614,205,HawKing,411,489,1015
419799,605,HawkL93,388,489,1015
423359,205,HawKing,409,492,1015
420782,205,HawKing,403,491,1015
430636,205,HawKing,419,496,1015
422563,205,HawKing,402,487,1015
407831,205,HawKing,419,515,1015
417812,205,HawKing,408,529,1015
420134,205,HawKing,384,506,1015
422071,205,HawKing,383,554,1015
421925,205,HawKing,394,518,1015
418966,605,HawkL93,392,551,1015
423166,205,HawKing,365,553,1015
417222,205,HawKing,389,565,1015
433837,205,HawKing,413,561,1015
408681,205,HawKing,370,571,1015
419526,205,HawKing,373,570,1015
420784,205,HawKing,388,567,1015
400831,605,HawkL93,385,575,1015
440407,205,HawKing,393,557,1015
407814,205,HawKing,391,585,1015
406703,205,HawKing,407,595,1015
406911,205,HawKing,374,577,1015
407985,205,HawKing,400,608,1015
421977,205,HawKing,411,608,1015
407585,605,HawkL93,405,598,1015
406940,205,HawKing,371,579,1015
444940,605,HawkL93,408,627,1015
434644,205,HawKing,405,604,1015
419636,205,HawKing,411,634,1015
416626,205,HawKing,405,633,1015
401471,205,HawKing,409,636,1015
406743,605,HawkL93,413,642,1015
405859,205,HawKing,412,645,1015
423657,205,HawKing,410,661,1015
418885,205,HawKing,411,654,1015
418832,605,HawkL93,419,646,1015
431463,205,HawKing,420,653,1015
444809,205,HawKing,416,665,1015
420143,205,HawKing,419,664,1015
422591,205,HawKing,420,673,1015
429874,205,HawKing,420,648,1015
434967,605,HawkL93,427,679,1015
435209,605,HawkL93,427,677,1015
418927,605,HawkL93,424,683,1015
419892,605,HawkL93,431,682,1015
444816,205,HawKing,433,674,1015
420628,605,HawkL93,433,682,1015
415652,605,HawkL93,428,665,1015
419664,205,HawKing,438,643,1015
434045,205,HawKing,446,677,1015
433023,605,HawkL93,437,684,1015
406661,205,HawKing,428,689,1015
423381,205,HawKing,438,693,1015
429059,205,HawKing,449,719,1015
442683,205,HawKing,440,702,1015
434182,205,HawKing,425,696,1015
435858,205,HawKing,435,710,1015
418587,205,HawKing,446,707,1015
442349,205,HawKing,459,719,1015
442158,205,HawKing,462,716,1015
421910,205,HawKing,450,714,1015
419806,205,HawKing,442,715,1015
440234,205,HawKing,438,725,1015
431787,205,HawKing,439,727,1015
405513,205,HawKing,453,705,1015
440877,205,HawKing,456,726,1015
429843,205,HawKing,439,736,1015
423291,205,HawKing,462,704,1015
436715,605,HawkL93,468,686,1015
423445,205,HawKing,478,702,1015
437341,205,HawKing,468,716,1015
423140,205,HawKing,472,712,1015
412092,205,HawKing,472,729,1015
411890,205,HawKing,476,695,1015
411813,205,HawKing,477,722,1015
430960,205,HawKing,483,730,1015
428159,205,HawKing,459,693,1015
424260,205,HawKing,482,688,1015
439521,605,HawkL93,493,688,1015
404293,205,HawKing,484,713,1015
439127,205,HawKing,497,724,1015
422608,205,HawKing,502,722,1015
407671,205,HawKing,501,690,1015
423456,205,HawKing,542,717,1015
423635,205,HawKing,582,723,1015
423198,205,HawKing,542,696,1015
423138,205,HawKing,575,696,1015
423438,205,HawKing,537,699,1015
423576,205,HawKing,532,687,1015
404807,205,HawKing,527,688,1015
422718,205,HawKing,524,715,1015
422933,205,HawKing,523,703,1015
437809,205,HawKing,535,710,1015
402372,205,HawKing,520,716,1015
418479,205,HawKing,498,699,1015
407707,205,HawKing,504,706,1015
422853,205,HawKing,502,694,1015
416625,205,HawKing,493,700,1015
417196,205,HawKing,475,691,1015
417569,205,HawKing,471,684,1015
431936,605,HawkL93,478,689,1015
434972,605,HawkL93,463,686,1015
422516,605,HawkL93,470,682,1015
428581,205,HawKing,466,685,1015
424454,205,HawKing,457,679,1015
422003,205,HawKing,450,677,1015
432535,205,HawKing,457,699,1015
436171,205,HawKing,447,680,1015
422549,205,HawKing,422,651,1015
429346,205,HawKing,422,648,1015
423453,205,HawKing,459,661,1015
430883,205,HawKing,398,639,1015
429700,205,HawKing,412,646,1015
422538,205,HawKing,399,615,1015
417165,205,HawKing,391,611,1015
418883,205,HawKing,421,611,1015
428162,205,HawKing,419,595,1015
439208,205,HawKing,436,632,1015
429857,205,HawKing,444,634,1015
406592,605,HawkL93,451,620,1015
437545,205,HawKing,456,645,1015
431761,605,HawkL93,451,637,1015
406637,205,HawKing,467,648,1015
417199,205,HawKing,468,658,1015
444914,605,HawkL93,471,652,1015
444068,605,HawkL93,475,656,1015
416472,205,HawKing,477,626,1015
434276,205,HawKing,486,650,1015
442806,605,HawkL93,493,618,1015
430199,205,HawKing,495,655,1015
404752,205,HawKing,480,640,1015
407626,205,HawKing,482,648,1015
423760,205,HawKing,486,658,1015
423737,205,HawKing,521,658,1015
423415,205,HawKing,520,648,1015
434264,205,HawKing,521,640,1015
407941,605,HawkL93,487,625,1015
436788,205,HawKing,530,622,1015
429649,205,HawKing,527,613,1015
423788,205,HawKing,524,646,1015
441063,205,HawKing,524,662,1015
432726,205,HawKing,537,662,1015
427588,205,HawKing,533,683,1015
419688,205,HawKing,538,676,1015
432780,205,HawKing,532,674,1015
436924,205,HawKing,537,652,1015
431867,205,HawKing,532,649,1015
430607,205,HawKing,535,653,1015
431186,205,HawKing,533,657,1015
433873,205,HawKing,549,637,1015
436829,205,HawKing,543,641,1015
431587,205,HawKing,541,634,1015
434247,205,HawKing,554,640,1015
426679,205,HawKing,551,653,1015
436127,205,HawKing,547,657,1015
437590,205,HawKing,550,681,1015
424325,205,HawKing,551,676,1015
433926,205,HawKing,559,641,1015
430788,205,HawKing,558,645,1015
440041,205,HawKing,567,676,1015
431948,205,HawKing,557,654,1015
431669,205,HawKing,549,686,1015
429609,205,HawKing,573,680,1015
429515,205,HawKing,549,696,1015
438313,205,HawKing,534,693,1015
430389,205,HawKing,523,697,1015
423802,205,HawKing,537,692,1015
434324,205,HawKing,531,691,1015
442175,205,HawKing,526,691,1015
442566,205,HawKing,564,688,1015
405985,205,HawKing,567,690,1015
405822,205,HawKing,574,697,1015
423787,205,HawKing,561,695,1015
433796,205,HawKing,526,702,1015
431802,205,HawKing,571,698,1015
429763,205,HawKing,568,701,1015
437410,205,HawKing,566,700,1015
439377,205,HawKing,572,703,1015
423342,205,HawKing,568,710,1015
442741,205,HawKing,574,703,1015
429852,205,HawKing,552,698,1015
424339,205,HawKing,555,701,1015
429510,205,HawKing,566,712,1015
433147,205,HawKing,564,709,1015
437872,205,HawKing,560,708,1015
423401,205,HawKing,580,675,1015
435998,205,HawKing,577,680,1015
435403,205,HawKing,577,682,1015
436348,205,HawKing,576,700,1015
429727,205,HawKing,576,698,1015
433305,205,HawKing,581,697,1015
428096,205,HawKing,581,716,1015
429927,205,HawKing,578,716,1015
423480,205,HawKing,552,722,1015
430242,205,HawKing,541,713,1015
431857,205,HawKing,544,717,1015
430144,205,HawKing,580,721,1015
415487,205,HawKing,561,714,1015
441987,205,HawKing,572,726,1015
429814,205,HawKing,556,724,1015
430441,205,HawKing,550,725,1015
401560,205,HawKing,541,725,1015
407139,205,HawKing,530,719,1015
437952,205,HawKing,503,719,1015
430470,205,HawKing,490,688,1015
442985,605,HawkL93,500,667,1015
420963,205,HawKing,500,674,1015
418315,605,HawkL93,498,666,1015
418554,205,HawKing,489,721,1015
406674,605,HawkL93,481,698,1015
436286,205,HawKing,492,691,1015
405473,205,HawKing,472,727,1015
419001,205,HawKing,441,699,1015
430932,205,HawKing,457,716,1015
407859,205,HawKing,459,716,1015
408741,205,HawKing,436,692,1015
429063,205,HawKing,439,690,1015
430200,205,HawKing,442,685,1015
406663,205,HawKing,435,694,1015
439004,205,HawKing,461,693,1015
403569,205,HawKing,459,682,1015
407772,205,HawKing,465,669,1015
418663,605,HawkL93,457,671,1015
444810,605,HawkL93,446,675,1015
404313,205,HawKing,440,668,1015
416586,205,HawKing,433,689,1015
438902,605,HawkL93,463,652,1015
423297,605,HawkL93,456,652,1015
405929,605,HawkL93,438,654,1015
440905,404,BloodyShawn,406,642,1015
404678,205,HawKing,420,639,1015
423732,605,HawkL93,446,642,1015
405700,205,HawKing,449,641,1015
407709,205,HawKing,447,629,1015
417056,205,HawKing,415,630,1015
415847,205,HawKing,428,632,1015
421859,205,HawKing,392,619,1015
416484,605,HawkL93,395,590,1015
443165,205,HawKing,378,599,1015
418660,205,HawKing,367,588,1015
421863,605,HawkL93,369,586,1015
429757,205,HawKing,388,586,1015
417804,205,HawKing,389,581,1015
416678,205,HawKing,402,585,1015
417107,205,HawKing,404,589,1015
415462,205,HawKing,409,589,1015
416796,205,HawKing,361,575,1015
419539,205,HawKing,389,569,1015
421241,205,HawKing,394,570,1015
423139,205,HawKing,391,574,1015
442743,205,HawKing,410,570,1015
419092,605,HawkL93,401,577,1015
407028,205,HawKing,376,566,1015
436422,205,HawKing,380,565,1015
422586,205,HawKing,349,578,1015
429658,205,HawKing,356,550,1015
416503,605,HawkL93,375,557,1015
404753,605,HawkL93,361,546,1015
423648,205,HawKing,394,531,1015
424411,605,HawkL93,391,559,1015
431524,205,HawKing,393,527,1015
428283,205,HawKing,381,526,1015
431343,605,HawkL93,381,522,1015
431951,205,HawKing,374,526,1015
436708,205,HawKing,367,517,1015
417133,205,HawKing,363,520,1015
429772,205,HawKing,395,550,1015
424369,605,HawkL93,359,508,1015
417008,205,HawKing,378,505,1015
428443,205,HawKing,354,504,1015
430358,205,HawKing,374,502,1015
407770,605,HawkL93,347,493,1015
424239,605,HawkL93,371,489,1015
421462,605,HawkL93,376,496,1015
422582,205,HawKing,391,492,1015
417351,205,HawKing,351,485,1015
428652,605,HawkL93,363,484,1015
417619,605,HawkL93,380,482,1015
422900,605,HawkL93,391,485,1015
418549,605,HawkL93,390,488,1015
424284,205,HawKing,392,489,1015
404733,605,HawkL93,411,487,1015
418641,205,HawKing,407,485,1015
425119,205,HawKing,383,512,1015
425496,205,HawKing,380,511,1015
420765,605,HawkL93,415,513,1015
431801,605,HawkL93,409,526,1015
417740,205,HawKing,422,495,1015
423167,205,HawKing,410,519,1015
406578,205,HawKing,409,547,1015
424256,605,HawkL93,406,522,1015
428732,205,HawKing,446,504,1015
427637,205,HawKing,460,514,1015
425340,205,HawKing,458,510,1015
427602,205,HawKing,455,503,1015
422897,205,HawKing,480,570,1015
418207,205,HawKing,487,573,1015
430338,205,HawKing,477,569,1015
418642,205,HawKing,490,573,1015
421976,605,HawkL93,483,574,1015
437789,205,HawKing,495,584,1015
429377,605,HawkL93,488,587,1015
437378,605,HawkL93,478,592,1015
430111,205,HawKing,472,589,1015
421959,205,HawKing,468,585,1015
418714,605,HawkL93,453,596,1015
419686,205,HawKing,497,605,1015
415480,205,HawKing,489,605,1015
409825,205,HawKing,501,596,1015
428216,605,HawkL93,474,613,1015
427612,205,HawKing,467,614,1015
423171,205,HawKing,455,608,1015
405594,205,HawKing,492,607,1015
420677,605,HawkL93,478,610,1015
445025,205,HawKing,476,619,1015
444075,205,HawKing,487,597,1015
432704,205,HawKing,527,616,1015
434172,205,HawKing,524,613,1015
437618,205,HawKing,544,617,1015
430415,205,HawKing,545,613,1015
430955,205,HawKing,540,614,1015
430646,205,HawKing,552,629,1015
430195,205,HawKing,557,616,1015
430322,205,HawKing,547,625,1015
432796,205,HawKing,549,615,1015
432539,205,HawKing,557,610,1015
430610,205,HawKing,560,617,1015
406585,205,HawKing,540,690,1015
417410,205,HawKing,540,692,1015
406603,205,HawKing,542,681,1015
442159,205,HawKing,554,677,1015
442556,205,HawKing,572,686,1015
429586,205,HawKing,570,690,1015
429450,205,HawKing,543,693,1015
421810,205,HawKing,556,702,1015
416833,205,HawKing,550,700,1015
444216,205,HawKing,583,706,1015
437154,205,HawKing,563,711,1015
430033,205,HawKing,558,718,1015
403643,205,HawKing,556,718,1015
419797,205,HawKing,547,719,1015
445012,205,HawKing,558,721,1015
417634,205,HawKing,550,720,1015
435118,205,HawKing,583,726,1015
424292,205,HawKing,577,716,1015
424458,205,HawKing,559,707,1015
435113,205,HawKing,537,722,1015
407787,205,HawKing,538,703,1015
434648,205,HawKing,539,715,1015
441477,205,HawKing,522,721,1015
422583,205,HawKing,522,705,1015
437140,205,HawKing,528,717,1015
444485,205,HawKing,531,713,1015
429550,205,HawKing,520,706,1015
416513,205,HawKing,521,709,1015
420230,205,HawKing,540,714,1015
407906,205,HawKing,499,717,1015
416594,205,HawKing,498,707,1015
415428,205,HawKing,492,685,1015
420710,205,HawKing,500,699,1015
442146,205,HawKing,529,701,1015
418544,205,HawKing,481,720,1015
422887,205,HawKing,480,725,1015
401483,205,HawKing,481,718,1015
426589,205,HawKing,476,698,1015
428361,205,HawKing,465,714,1015
420766,205,HawKing,459,703,1015
405588,205,HawKing,457,711,1015
429544,205,HawKing,452,707,1015
431076,205,HawKing,439,725,1015
423179,205,HawKing,459,699,1015
417055,205,HawKing,442,716,1015
421996,205,HawKing,435,711,1015
445030,205,HawKing,466,691,1015
430355,605,HawkL93,442,683,1015
431811,205,HawKing,455,684,1015
433066,205,HawKing,430,674,1015
429327,205,HawKing,432,672,1015
423172,205,HawKing,450,670,1015
431631,205,HawKing,478,669,1015
424366,605,HawkL93,475,677,1015
429418,605,HawkL93,474,683,1015
407576,205,HawKing,471,689,1015
433057,205,HawKing,473,700,1015
423504,605,HawkL93,485,661,1015
415715,205,HawKing,490,652,1015
418359,605,HawkL93,490,680,1015
418702,605,HawkL93,491,683,1015
430848,205,HawKing,492,673,1015
424254,605,HawkL93,492,679,1015
419518,205,HawKing,481,668,1015
443792,205,HawKing,495,652,1015
437790,205,HawKing,501,665,1015
405747,205,HawKing,501,672,1015
430945,205,HawKing,496,676,1015
418993,605,HawkL93,493,667,1015
419837,605,HawkL93,494,680,1015
420226,205,HawKing,521,697,1015
420997,205,HawKing,523,657,1015
419777,205,HawKing,524,693,1015
407547,205,HawKing,525,681,1015
418563,205,HawKing,526,697,1015
406930,205,HawKing,528,682,1015
405798,205,HawKing,536,692,1015
441808,205,HawKing,529,697,1015
406524,205,HawKing,540,689,1015
430738,205,HawKing,539,671,1015
407583,205,HawKing,532,683,1015
419500,205,HawKing,542,678,1015
438702,205,HawKing,539,693,1015
440244,205,HawKing,556,689,1015
440099,205,HawKing,573,674,1015
423304,205,HawKing,584,675,1015
424272,205,HawKing,585,674,1015
438289,205,HawKing,583,696,1015
432593,205,HawKing,540,659,1015
442728,205,HawKing,563,680,1015
442193,205,HawKing,547,647,1015
443891,205,HawKing,546,632,1015
429688,205,HawKing,550,639,1015
430853,205,HawKing,548,638,1015
429606,205,HawKing,533,651,1015
442557,205,HawKing,535,653,1015
419635,205,HawKing,505,635,1015
404295,205,HawKing,525,642,1015
422483,205,HawKing,502,635,1015
405802,205,HawKing,500,644,1015
418662,205,HawKing,489,642,1015
424270,605,HawkL93,491,644,1015
430692,205,HawKing,475,624,1015
423659,605,HawkL93,464,617,1015
428656,205,HawKing,461,612,1015
428006,605,HawkL93,460,632,1015
422589,605,HawkL93,457,639,1015
406704,605,HawkL93,454,639,1015
405785,605,HawkL93,438,643,1015
436923,205,HawKing,424,653,1015
407540,605,HawkL93,421,642,1015
422602,205,HawKing,426,632,1015
438870,205,HawKing,422,628,1015
428324,205,HawKing,413,654,1015
442629,205,HawKing,411,634,1015
436778,205,HawKing,409,613,1015
429864,205,HawKing,415,645,1015
422765,205,HawKing,404,637,1015
442093,205,HawKing,390,622,1015
434913,205,HawKing,393,613,1015
424301,605,HawkL93,382,598,1015
401463,605,HawkL93,380,598,1015
420741,205,HawKing,408,609,1015
425374,605,HawkL93,400,607,1015
441214,205,HawKing,370,588,1015
406656,605,HawkL93,369,590,1015
433780,205,HawKing,408,593,1015
425131,205,HawKing,403,590,1015
420891,605,HawkL93,366,584,1015
437880,205,HawKing,370,584,1015
404802,605,HawkL93,368,577,1015
404261,605,HawkL93,389,580,1015
443072,605,HawkL93,388,586,1015
402377,605,HawkL93,390,578,1015
436248,605,HawkL93,386,578,1015
418346,605,HawkL93,383,574,1015
436172,605,HawkL93,386,571,1015
405763,605,HawkL93,412,575,1015
424368,205,HawKing,409,559,1015
430209,205,HawKing,375,588,1015
444999,605,HawkL93,363,554,1015
436271,605,HawkL93,367,546,1015
437690,205,HawKing,361,555,1015
442864,605,HawkL93,356,584,1015
434901,605,HawkL93,355,587,1015
435775,205,HawKing,359,575,1015
424293,205,HawKing,355,546,1015
430625,605,HawkL93,377,541,1015
443502,605,HawkL93,411,550,1015
423794,205,HawKing,416,540,1015
434249,605,HawkL93,415,573,1015
430429,605,HawkL93,423,586,1015
436214,205,HawKing,433,552,1015
434798,205,HawKing,433,583,1015
406564,605,HawkL93,424,574,1015
439280,205,HawKing,448,563,1015
440281,205,HawKing,443,564,1015
436184,205,HawKing,444,590,1015
440818,605,HawkL93,461,577,1015
415469,205,HawKing,463,608,1015
419620,205,HawKing,520,615,1015
420802,205,HawKing,527,605,1015
445010,205,HawKing,522,620,1015
406628,205,HawKing,495,631,1015
419503,205,HawKing,535,615,1015
423177,205,HawKing,537,604,1015
430452,205,HawKing,538,610,1015
431504,205,HawKing,549,627,1015
421934,205,HawKing,543,612,1015
444827,205,HawKing,556,607,1015
419545,205,HawKing,560,617,1015
443183,205,HawKing,560,613,1015
423399,205,HawKing,554,626,1015
403281,205,HawKing,557,615,1015
430437,205,HawKing,556,618,1015
437326,205,HawKing,563,674,1015
441902,205,HawKing,546,674,1015
431755,205,HawKing,546,684,1015
420864,205,HawKing,547,680,1015
427512,205,HawKing,549,675,1015
416566,205,HawKing,556,682,1015
434867,205,HawKing,583,681,1015
438037,205,HawKing,588,683,1015
431925,205,HawKing,577,681,1015
440468,205,HawKing,568,690,1015
405630,205,HawKing,552,692,1015
438035,205,HawKing,537,699,1015
434639,205,HawKing,537,677,1015
434229,205,HawKing,524,699,1015
424240,205,HawKing,522,684,1015
423767,205,HawKing,526,680,1015
434446,205,HawKing,524,679,1015
406512,605,HawkL93,484,683,1015
401557,605,HawkL93,493,654,1015
407108,205,HawKing,473,676,1015
417099,205,HawKing,476,663,1015
417811,205,HawKing,479,665,1015
424238,205,HawKing,473,652,1015
405539,605,HawkL93,460,638,1015
433831,205,HawKing,468,636,1015
411810,605,HawkL93,450,679,1015
415426,605,HawkL93,446,664,1015
430628,605,HawkL93,455,645,1015
444125,205,HawKing,455,639,1015
415653,205,HawKing,451,647,1015
435839,205,HawKing,418,636,1015
424506,205,HawKing,441,645,1015
403638,205,HawKing,413,639,1015
436729,205,HawKing,409,640,1015
405810,205,HawKing,413,616,1015
405702,205,HawKing,409,629,1015
404294,205,HawKing,395,638,1015
421870,205,HawKing,390,628,1015
419058,205,HawKing,389,599,1015
437553,205,HawKing,387,624,1015
405568,205,HawKing,394,615,1015
421894,605,HawkL93,430,664,1015
440881,205,HawKing,430,643,1015
407072,205,HawKing,439,655,1015
423339,205,HawKing,453,643,1015
402383,605,HawkL93,450,650,1015
434305,205,HawKing,446,661,1015
423246,205,HawKing,462,661,1015
421807,205,HawKing,434,697,1015
406817,605,HawkL93,470,660,1015
406617,205,HawKing,492,682,1015
406892,205,HawKing,488,711,1015
415711,605,HawkL93,504,671,1015
418611,205,HawKing,505,684,1015
425420,205,HawKing,523,716,1015
431468,205,HawKing,527,716,1015
436699,205,HawKing,539,702,1015
437523,205,HawKing,542,708,1015
418709,205,HawKing,543,705,1015
405789,205,HawKing,543,717,1015
435121,205,HawKing,547,701,1015
434325,205,HawKing,550,713,1015
420824,205,HawKing,546,704,1015
434187,205,HawKing,557,708,1015
434416,205,HawKing,550,710,1015
422866,205,HawKing,568,704,1015
436356,205,HawKing,571,714,1015
431477,205,HawKing,540,721,1015
439050,205,HawKing,577,716,1015
431741,205,HawKing,572,703,1015
427275,205,HawKing,559,722,1015
432802,205,HawKing,556,725,1015
417280,205,Birdman,697,732,1015
418218,205,Birdman,701,722,1015
428573,205,Birdman,693,733,1015
421841,205,Birdman,709,747,1015
435493,205,Birdman,714,738,1015
404735,205,Birdman,722,748,1015
433455,605,BirdmanL88,722,738,1015
420654,205,Birdman,729,739,1015
416840,205,Birdman,730,755,1015
421781,205,Birdman,726,777,1015
430889,205,Birdman,724,774,1015
419417,205,Birdman,735,777,1015
416257,205,Birdman,736,755,1015
434396,205,Birdman,744,782,1015
430238,205,Birdman,747,777,1015
417543,205,Birdman,759,783,1015
428231,205,Birdman,755,765,1015
428620,205,Birdman,766,754,1015
436314,205,Birdman,764,741,1015
414603,205,Birdman,764,754,1015
431930,205,Birdman,760,785,1015
425307,205,Birdman,760,787,1015
429934,245,BirdmanAide,772,739,1015
420007,205,Birdman,776,788,1015
408720,205,Birdman,773,760,1015
425306,205,Birdman,778,755,1015
444493,205,Birdman,781,764,1015
439002,205,Birdman,779,782,1015
439857,205,Birdman,786,748,1015
434351,205,Birdman,792,738,1015
416252,205,Birdman,793,759,1015
438124,205,Birdman,784,793,1015
430145,205,Birdman,793,793,1015
424216,205,Birdman,776,798,1015
420589,205,Birdman,777,796,1015
425308,205,Birdman,774,795,1015
436814,205,Birdman,772,798,1015
427608,205,Birdman,803,807,1015
421789,205,Birdman,808,847,1015
418224,205,Birdman,814,845,1015
435182,205,Birdman,822,845,1015
416843,205,Birdman,817,845,1015
416266,205,Birdman,822,850,1015
416841,205,Birdman,825,847,1015
420590,205,Birdman,817,832,1015
418221,205,Birdman,817,858,1015
418223,205,Birdman,826,851,1015
416842,205,Birdman,813,866,1015
419426,205,Birdman,826,882,1015
418222,205,Birdman,829,858,1015
421787,205,Birdman,828,868,1015
416846,205,Birdman,813,905,1015
416264,205,Birdman,832,883,1015
420595,205,Birdman,838,877,1015
420593,205,Birdman,840,858,1015
420594,205,Birdman,841,851,1015
421790,205,Birdman,861,830,1015
420592,205,Birdman,831,841,1015
416845,205,Birdman,868,850,1015
418220,205,Birdman,839,833,1015
421786,205,Birdman,850,832,1015
419423,205,Birdman,870,859,1015
416269,205,Birdman,862,826,1015
419421,205,Birdman,878,820,1015
430116,205,Birdman,883,825,1015
416268,205,Birdman,854,822,1015
430469,205,Birdman,886,812,1015
416267,205,Birdman,888,834,1015
422758,205,Birdman,891,833,1015
419424,205,Birdman,857,817,1015
416844,205,Birdman,868,813,1015
423478,205,Birdman,893,815,1015
419394,205,Birdman,896,818,1015
420591,205,Birdman,895,814,1015
440698,205,Birdman,879,809,1015
430451,205,Birdman,896,807,1015
429067,205,Birdman,901,813,1015
421788,205,Birdman,900,821,1015
418217,205,Birdman,892,805,1015
425288,205,Birdman,897,804,1015
419396,205,Birdman,916,800,1015
433665,205,Birdman,906,798,1015
434292,205,Birdman,914,801,1015
436717,205,Birdman,913,804,1015
432532,205,Birdman,917,803,1015
419425,205,Birdman,906,819,1015
431053,205,Birdman,905,813,1015
432530,205,Birdman,892,798,1015
435360,205,Birdman,882,790,1015
431480,205,Birdman,889,790,1015
434480,205,Birdman,916,778,1015
430620,205,Birdman,913,782,1015
424469,205,Birdman,916,784,1015
430016,205,Birdman,929,790,1015
426571,205,Birdman,928,796,1015
432798,205,Birdman,929,792,1015
429589,205,Birdman,919,792,1015
430019,205,Birdman,916,797,1015
436328,205,Birdman,896,784,1015
422756,205,Birdman,907,785,1015
424206,205,Birdman,909,783,1015
434697,205,Birdman,901,788,1015
419000,205,Birdman,903,786,1015
424197,205,Birdman,932,789,1015
425287,205,Birdman,929,784,1015
431413,205,Birdman,926,785,1015
435415,205,Birdman,919,777,1015
431152,205,Birdman,924,775,1015
426321,205,Birdman,935,784,1015
415656,205,Birdman,922,799,1015
419496,205,Birdman,920,803,1015
440009,205,Birdman,926,780,1015
418190,205,Birdman,927,778,1015
416639,205,Birdman,904,779,1015
426576,205,Birdman,932,775,1015
426580,205,Birdman,949,779,1015
431638,205,Birdman,940,778,1015
428375,205,Birdman,942,778,1015
427600,205,Birdman,936,780,1015
444974,205,Birdman,936,778,1015
435498,205,Birdman,903,773,1015
417105,205,Birdman,928,773,1015
436750,205,Birdman,932,771,1015
427580,205,Birdman,935,771,1015
405587,205,Birdman,907,770,1015
419038,205,Birdman,905,769,1015
430018,205,Birdman,923,769,1015
429086,205,Birdman,949,769,1015
442058,205,Birdman,921,768,1015
430292,205,Birdman,940,768,1015
424241,205,Birdman,952,768,1015
435070,205,Birdman,908,767,1015
433268,205,Birdman,950,767,1015
438601,205,Birdman,900,766,1015
442428,205,Birdman,920,766,1015
434547,205,Birdman,941,766,1015
418348,205,Birdman,937,766,1015
418899,205,Birdman,916,765,1015
419410,205,Birdman,938,764,1015
438271,205,Birdman,942,773,1015
437764,205,Birdman,904,761,1015
436257,205,Birdman,934,759,1015
424196,205,Birdman,931,757,1015
438466,205,Birdman,935,762,1015
422760,205,Birdman,946,760,1015
433658,205,Birdman,936,760,1015
420571,205,Birdman,944,762,1015
431159,205,Birdman,941,755,1015
426578,205,Birdman,954,764,1015
426281,205,Birdman,954,761,1015
422750,205,Birdman,930,750,1015
408726,205,Birdman,932,752,1015
425281,205,Birdman,944,747,1015
429068,205,Birdman,949,747,1015
440832,205,Birdman,943,753,1015
422771,205,Birdman,949,753,1015
417738,205,Birdman,965,749,1015
429725,205,Birdman,961,740,1015
436238,205,Birdman,960,750,1015
435457,205,Birdman,958,740,1015
434234,205,Birdman,960,743,1015
420566,205,Birdman,955,740,1015
431705,205,Birdman,965,753,1015
416799,205,Birdman,963,752,1015
407863,205,Birdman,967,754,1015
440447,205,Birdman,957,763,1015
419639,205,Birdman,956,772,1015
431923,205,Birdman,962,760,1015
434240,205,Birdman,964,759,1015
429069,205,Birdman,945,745,1015
432840,205,Birdman,937,742,1015
435161,205,Birdman,949,744,1015
434450,205,Birdman,941,744,1015
421468,205,Birdman,941,746,1015
423643,205,Birdman,951,740,1015
423301,205,Birdman,967,731,1015
436523,205,Birdman,970,730,1015
433076,205,Birdman,973,728,1015
430012,205,Birdman,981,746,1015
431163,205,Birdman,978,740,1015
437432,205,Birdman,979,743,1015
440490,205,Birdman,975,746,1015
435962,205,Birdman,974,744,1015
433459,205,Birdman,972,743,1015
436357,205,Birdman,978,738,1015
421759,205,Birdman,972,747,1015
429061,205,Birdman,965,741,1015
420562,205,Birdman,969,755,1015
436808,205,Birdman,970,738,1015
433775,205,Birdman,981,728,1015
429790,205,Birdman,978,732,1015
423318,205,Birdman,980,725,1015
432753,205,Birdman,981,721,1015
416800,205,Birdman,977,750,1015
429706,205,Birdman,984,725,1015
419388,205,Birdman,957,729,1015
430828,205,Birdman,964,726,1015
431581,205,Birdman,955,724,1015
427649,205,Birdman,988,708,1015
432527,205,Birdman,995,725,1015
434271,205,Birdman,1000,726,1015
442456,205,Birdman,991,727,1015
429615,205,Birdman,990,725,1015
435449,205,Birdman,990,739,1015
415654,205,Birdman,986,725,1015
419389,205,Birdman,987,727,1015
435076,205,Birdman,957,715,1015
436234,205,Birdman,968,718,1015
438179,205,Birdman,975,716,1015
426585,205,Birdman,976,718,1015
432525,205,Birdman,972,718,1015
423389,205,Birdman,994,734,1015
430850,205,Birdman,993,731,1015
416924,205,Birdman,982,705,1015
416259,900,Guard1,1010,706,1015
416258,900,Guard1,1013,704,1015
429329,205,Birdman,987,699,1015
439395,205,Birdman,973,689,1015
431366,205,Birdman,986,686,1015
435442,205,Birdman,984,682,1015
434485,205,Birdman,982,680,1015
423309,205,Birdman,962,706,1015
438447,205,Birdman,966,698,1015
430291,205,Birdman,970,700,1015
438270,205,Birdman,971,691,1015
424456,205,Birdman,968,684,1015
440127,205,Birdman,967,701,1015
430309,205,Birdman,965,673,1015
435391,205,Birdman,965,683,1015
406801,205,Birdman,968,681,1015
434588,205,Birdman,961,672,1015
437023,205,Birdman,963,671,1015
433895,205,Birdman,962,676,1015
444893,205,Birdman,957,705,1015
434498,205,Birdman,955,685,1015
424425,205,Birdman,957,701,1015
431459,205,Birdman,949,724,1015
431878,205,Birdman,937,728,1015
416448,205,Birdman,947,729,1015
436686,205,Birdman,953,703,1015
431386,205,Birdman,952,693,1015
420830,205,Birdman,953,686,1015
434877,205,Birdman,944,723,1015
436442,205,Birdman,945,713,1015
431656,205,Birdman,948,713,1015
437206,205,Birdman,946,708,1015
433801,205,Birdman,935,741,1015
431750,205,Birdman,934,722,1015
431728,205,Birdman,936,717,1015
437241,205,Birdman,927,739,1015
417331,205,Birdman,926,725,1015
439894,205,Birdman,932,712,1015
430489,205,Birdman,930,718,1015
419726,205,Birdman,933,702,1015
410701,205,Birdman,933,757,1015
434364,205,Birdman,921,737,1015
416977,205,Birdman,901,764,1015
434199,205,Birdman,904,767,1015
438410,205,Birdman,910,747,1015
420656,205,Birdman,937,765,1015
434507,205,Birdman,900,771,1015
430084,205,Birdman,906,739,1015
432790,205,Birdman,893,778,1015
436780,205,Birdman,888,779,1015
434514,205,Birdman,892,782,1015
445019,205,Birdman,896,759,1015
445018,205,Birdman,893,753,1015
406872,205,Birdman,889,770,1015
432877,205,Birdman,890,758,1015
437610,205,Birdman,887,757,1015
431566,205,Birdman,888,764,1015
426595,205,Birdman,881,794,1015
418828,205,Birdman,881,774,1015
418201,205,Birdman,881,776,1015
418441,205,Birdman,878,757,1015
420584,205,Birdman,873,782,1015
430551,205,Birdman,872,785,1015
440985,205,Birdman,874,789,1015
444811,205,Birdman,870,789,1015
427606,205,Birdman,862,784,1015
419411,205,Birdman,864,794,1015
421778,205,Birdman,857,794,1015
422770,205,Birdman,858,799,1015
440737,205,Birdman,857,803,1015
407884,205,Birdman,852,780,1015
422776,205,Birdman,851,776,1015
438023,205,Birdman,857,775,1015
430556,205,Birdman,855,774,1015
406556,205,Birdman,857,780,1015
419422,205,Birdman,835,830,1015
430606,205,Birdman,844,792,1015
416835,205,Birdman,846,795,1015
434380,205,Birdman,848,792,1015
435790,205,Birdman,840,815,1015
430808,205,Birdman,837,792,1015
440971,205,Birdman,841,802,1015
421474,205,Birdman,839,800,1015
441688,205,Birdman,834,813,1015
427603,205,Birdman,829,816,1015
416482,205,Birdman,817,802,1015
426600,205,Birdman,831,805,1015
431578,205,Birdman,836,784,1015
421768,205,Birdman,846,790,1015
426598,205,Birdman,830,783,1015
437582,205,Birdman,835,777,1015
422766,205,Birdman,845,778,1015
433779,205,Birdman,837,774,1015
442279,205,Birdman,843,775,1015
430417,205,Birdman,849,782,1015
407019,205,Birdman,860,771,1015
418202,205,Birdman,861,768,1015
435778,205,Birdman,863,766,1015
428415,205,Birdman,848,772,1015
416834,205,Birdman,850,771,1015
424208,205,Birdman,847,770,1015
437274,205,Birdman,877,758,1015
437575,205,Birdman,865,772,1015
423425,205,Birdman,858,764,1015
438320,205,Birdman,862,757,1015
437219,205,Birdman,861,762,1015
433961,205,Birdman,847,758,1015
418991,205,Birdman,849,760,1015
426605,205,Birdman,866,757,1015
443906,205,Birdman,868,758,1015
425291,205,Birdman,853,753,1015
420641,205,Birdman,874,747,1015
422879,205,Birdman,878,747,1015
431401,205,Birdman,875,751,1015
406702,205,Birdman,877,753,1015
440128,205,Birdman,886,750,1015
437198,205,Birdman,884,748,1015
437027,205,Birdman,882,749,1015
407010,205,Birdman,879,740,1015
435267,205,Birdman,869,738,1015
420068,205,Birdman,878,736,1015
439443,205,Birdman,895,735,1015
437741,205,Birdman,902,721,1015
437189,205,Birdman,877,729,1015
440264,205,Birdman,896,731,1015
430790,205,Birdman,895,728,1015
433951,205,Birdman,893,721,1015
417620,205,Birdman,885,723,1015
432706,205,Birdman,920,719,1015
419572,205,Birdman,888,707,1015
424502,205,Birdman,909,713,1015
433039,205,Birdman,903,712,1015
432531,205,Birdman,927,708,1015
406587,205,Birdman,913,702,1015
442431,205,Birdman,909,703,1015
431333,205,Birdman,909,699,1015
430802,205,Birdman,935,697,1015
434573,205,Birdman,937,698,1015
419390,205,Birdman,945,702,1015
437609,205,Birdman,907,696,1015
425402,205,Birdman,913,697,1015
436807,205,Birdman,941,690,1015
439374,205,Birdman,943,696,1015
433488,205,Birdman,947,696,1015
430673,205,Birdman,948,673,1015
430115,205,Birdman,950,669,1015
432533,205,Birdman,950,680,1015
438985,205,Birdman,953,680,1015
424487,205,Birdman,922,684,1015
436828,205,Birdman,956,683,1015
428416,205,Birdman,955,676,1015
442191,205,Birdman,958,666,1015
415686,205,Birdman,968,678,1015
416254,205,Birdman,962,656,1015
429764,205,Birdman,960,680,1015
434541,205,Birdman,950,662,1015
436355,205,Birdman,936,660,1015
437551,205,Birdman,957,661,1015
430834,205,Birdman,969,661,1015
437624,205,Birdman,942,646,1015
430744,205,Birdman,940,643,1015
428092,205,Birdman,937,638,1015
406728,205,Birdman,925,627,1015
422522,205,Birdman,927,633,1015
435137,205,Birdman,909,674,1015
431732,205,Birdman,910,680,1015
405557,205,Birdman,896,681,1015
444517,205,Birdman,893,670,1015
407698,205,Birdman,899,670,1015
407798,205,Birdman,897,666,1015
420252,205,Birdman,893,673,1015
439565,205,Birdman,882,699,1015
431553,205,Birdman,887,674,1015
438216,205,Birdman,884,705,1015
434589,205,Birdman,872,705,1015
428066,205,Birdman,874,705,1015
434799,205,Birdman,875,703,1015
440624,205,Birdman,874,696,1015
423831,205,Birdman,865,714,1015
430897,205,Birdman,868,719,1015
430411,205,Birdman,870,698,1015
427471,205,Birdman,862,709,1015
405501,205,Birdman,851,734,1015
407726,205,Birdman,851,715,1015
438905,205,Birdman,853,711,1015
406974,205,Birdman,852,708,1015
435285,205,Birdman,855,712,1015
405765,205,Birdman,847,690,1015
407712,205,Birdman,850,717,1015
416664,205,Birdman,843,703,1015
429583,205,Birdman,831,741,1015
416113,205,Birdman,861,746,1015
424202,205,Birdman,852,743,1015
419403,205,Birdman,835,743,1015
416496,205,Birdman,832,745,1015
436462,205,Birdman,844,755,1015
409823,205,Birdman,811,753,1015
425312,205,Birdman,829,702,1015
420577,205,Birdman,843,761,1015
434314,205,Birdman,835,756,1015
434286,205,Birdman,811,759,1015
440199,205,Birdman,826,768,1015
442128,205,Birdman,823,759,1015
421086,205,Birdman,823,743,1015
443146,205,Birdman,824,732,1015
442057,205,Birdman,846,759,1015
434345,205,Birdman,821,769,1015
434228,205,Birdman,816,764,1015
416568,205,Birdman,821,742,1015
438470,205,Birdman,820,747,1015
425132,205,Birdman,822,746,1015
424430,205,Birdman,817,786,1015
425412,205,Birdman,827,780,1015
436692,205,Birdman,822,782,1015
437963,205,Birdman,805,751,1015
431791,205,Birdman,801,740,1015
443065,205,Birdman,915,623,1015
431296,205,Birdman,904,621,1015
417592,205,Birdman,907,617,1015
428632,605,BirdmanL88,854,670,1015
434907,205,Birdman,850,677,1015
421769,205,Birdman,849,669,1015
430764,205,Birdman,847,674,1015
422819,205,Birdman,846,668,1015
416514,205,Birdman,843,671,1015
436966,205,Birdman,845,674,1015
430511,205,Birdman,841,666,1015
417065,205,Birdman,831,692,1015
418188,205,Birdman,831,698,1015
421059,205,Birdman,830,690,1015
421437,205,Birdman,821,713,1015
428212,205,Birdman,822,705,1015
437742,205,Birdman,825,713,1015
441415,205,Birdman,827,704,1015
406701,205,Birdman,824,697,1015
443290,205,Birdman,824,701,1015
427664,205,Birdman,816,706,1015
431915,205,Birdman,816,699,1015
424205,205,Birdman,792,734,1015
436341,205,Birdman,806,704,1015
441071,205,Birdman,799,707,1015
430961,205,Birdman,798,715,1015
417278,205,Birdman,706,727,1015
431494,605,BirdmanL88,708,725,1015
440943,205,Birdman,703,736,1015
432800,605,BirdmanL88,703,727,1015
423264,605,BirdmanL88,703,723,1015
417288,205,Birdman,717,724,1015
427583,205,Birdman,720,728,1015
432658,205,Birdman,688,708,1015
442003,605,BirdmanL88,684,719,1015
418214,205,Birdman,702,719,1015
445041,245,BirdmanMsgr,705,718,1015
417282,205,Birdman,702,712,1015
417289,205,Birdman,717,720,1015
431720,245,BirdmanMsgr,669,708,1015
444646,205,Birdman,698,706,1015
418838,205,Birdman,680,698,1015
435380,205,Birdman,703,697,1015
428084,205,Birdman,702,701,1015
417281,205,Birdman,725,722,1015
422896,245,BirdmanAide,742,716,1015
419420,205,Birdman,761,729,1015
415476,405,BirdKing,758,722,1015
442233,205,Birdman,774,727,1015
417279,205,Birdman,775,734,1015
439606,205,Birdman,764,713,1015
418938,205,Birdman,789,714,1015
420173,605,BirdmanL88,700,680,1015
435972,205,Birdman,701,678,1015
420679,205,Birdman,761,677,1015
436435,245,BirdmanKing,773,666,1015
411889,205,Birdman,775,672,1015
420700,205,Birdman,774,685,1015
443125,205,Birdman,767,701,1015
430352,205,Birdman,808,686,1015
430497,205,Birdman,785,683,1015
422775,205,Birdman,777,677,1015
416240,205,Birdman,776,668,1015
421972,205,Birdman,792,671,1015
431908,205,Birdman,805,677,1015
440481,205,Birdman,815,671,1015
415590,205,Birdman,821,667,1015
415698,205,Birdman,826,666,1015
416270,205,Birdman,821,678,1015
440228,205,Birdman,821,658,1015
420650,205,Birdman,821,655,1015
422876,205,Birdman,823,652,1015
425082,205,Birdman,821,661,1015
429659,205,Birdman,821,663,1015
437663,205,Birdman,825,650,1015
423707,205,Birdman,842,664,1015
435240,205,Birdman,829,649,1015
423881,205,Birdman,842,660,1015
428653,205,Birdman,841,654,1015
440179,205,Birdman,821,624,1015
437086,205,Birdman,823,638,1015
417020,205,Birdman,820,633,1015
437306,205,Birdman,822,644,1015
405715,205,Birdman,824,622,1015
442396,205,Birdman,826,617,1015
425398,205,Birdman,831,624,1015
416831,205,Birdman,830,616,1015
420970,205,Birdman,830,633,1015
438358,205,Birdman,826,643,1015
420979,205,Birdman,824,645,1015
441848,205,Birdman,831,627,1015
444987,205,Birdman,840,620,1015
440330,205,Birdman,844,619,1015
438685,205,Birdman,836,627,1015
420126,205,Birdman,834,627,1015
429721,205,Birdman,845,623,1015
430251,205,Birdman,846,647,1015
415391,205,Birdman,836,633,1015
428406,205,Birdman,834,635,1015
417324,205,Birdman,843,639,1015
405520,205,Birdman,841,641,1015
436795,205,Birdman,845,638,1015
430123,205,Birdman,853,615,1015
431512,205,Birdman,847,621,1015
429854,205,Birdman,849,614,1015
421056,205,Birdman,850,623,1015
439077,205,Birdman,855,616,1015
420176,245,BirdmanKing,784,717,1015
418560,205,Birdman,788,717,1015
431445,205,Birdman,847,635,1015
438063,205,Birdman,817,606,1015
442468,605,BirdmanL88,819,606,1015
420069,205,Birdman,826,607,1015
437046,205,Birdman,844,602,1015
434144,205,Birdman,851,606,1015
405547,205,Birdman,846,604,1015
422658,205,Birdman,849,609,1015
435208,205,Birdman,849,597,1015
434357,205,Birdman,849,594,1015
434224,205,Birdman,823,600,1015
428110,205,Birdman,818,594,1015
400824,205,Birdman,823,596,1015
434487,205,Birdman,826,593,1015
435216,205,Birdman,843,590,1015
429371,205,Birdman,836,592,1015
437791,205,Birdman,842,592,1015
440226,205,Birdman,851,591,1015
425081,205,Birdman,842,599,1015
435085,205,Birdman,837,600,1015
441522,205,Birdman,840,598,1015
435018,205,Birdman,820,584,1015
436220,205,Birdman,820,582,1015
435192,205,Birdman,816,581,1015
437194,205,Birdman,823,579,1015
435463,205,Birdman,816,577,1015
443171,205,Birdman,835,584,1015
433032,605,BirdmanL88,835,587,1015
405759,205,Birdman,836,578,1015
428124,205,Birdman,832,586,1015
438861,205,Birdman,833,578,1015
430770,205,Birdman,849,583,1015
441526,205,Birdman,854,584,1015
441069,205,Birdman,855,582,1015
429822,205,Birdman,846,585,1015
430501,205,Birdman,819,569,1015
406978,205,Birdman,821,565,1015
444846,205,Birdman,811,564,1015
428337,205,Birdman,837,573,1015
406955,205,Birdman,841,570,1015
407909,605,BirdmanL88,832,575,1015
435290,205,Birdman,838,569,1015
440040,205,Birdman,819,576,1015
408705,205,Birdman,808,558,1015
415876,205,Birdman,807,544,1015
422908,205,Birdman,806,548,1015
437920,205,Birdman,818,554,1015
418525,205,Birdman,816,552,1015
442835,205,Birdman,814,551,1015
436439,205,Birdman,827,557,1015
416825,205,Birdman,832,557,1015
423410,205,Birdman,842,552,1015
406624,205,Birdman,845,552,1015
431939,205,Birdman,828,563,1015
421020,205,Birdman,842,562,1015
421435,205,Birdman,817,563,1015
418584,205,Birdman,818,561,1015
418194,205,Birdman,813,560,1015
419666,205,Birdman,805,529,1015
423684,205,Birdman,838,538,1015
430561,205,Birdman,836,538,1015
418534,205,Birdman,841,543,1015
437692,205,Birdman,837,550,1015
431614,205,Birdman,829,550,1015
418332,205,Birdman,811,550,1015
423697,205,Birdman,815,547,1015
430894,205,Birdman,816,541,1015
417762,205,Birdman,817,543,1015
430141,205,Birdman,820,543,1015
428255,205,Birdman,820,547,1015
434419,205,Birdman,823,546,1015
418389,205,Birdman,820,549,1015
422720,205,Birdman,811,537,1015
407891,205,Birdman,817,535,1015
421888,205,Birdman,815,535,1015
419501,205,Birdman,823,535,1015
419985,205,Birdman,829,535,1015
415417,205,Birdman,836,535,1015
428359,205,Birdman,833,533,1015
430809,205,Birdman,816,532,1015
422063,205,Birdman,812,529,1015
418468,205,Birdman,837,529,1015
428444,205,Birdman,825,527,1015
407794,205,Birdman,800,518,1015
422724,205,Birdman,804,519,1015
430442,205,Birdman,821,517,1015
423679,205,Birdman,815,521,1015
420655,205,Birdman,825,520,1015
437319,205,Birdman,812,523,1015
429514,205,Birdman,807,523,1015
430866,205,Birdman,809,522,1015
421809,205,Birdman,800,508,1015
429683,205,Birdman,801,506,1015
442056,205,Birdman,801,515,1015
429761,205,Birdman,800,513,1015
423371,205,Birdman,806,510,1015
418204,205,Birdman,808,506,1015
417265,205,Birdman,818,509,1015
407819,205,Birdman,810,511,1015
442870,205,Birdman,816,510,1015
420640,205,Birdman,810,506,1015
418446,205,Birdman,812,505,1015
423441,205,Birdman,799,505,1015
419741,205,Birdman,828,519,1015
430893,205,Birdman,830,524,1015
418447,205,Birdman,833,526,1015
429590,205,Birdman,829,527,1015
421785,205,Birdman,842,557,1015
430424,205,Birdman,847,556,1015
424187,205,Birdman,850,554,1015
431813,205,Birdman,850,549,1015
405926,205,Birdman,848,552,1015
419981,205,Birdman,854,549,1015
444275,205,Birdman,851,559,1015
431648,205,Birdman,826,565,1015
405825,205,Birdman,847,568,1015
438557,205,Birdman,866,579,1015
419983,205,Birdman,884,581,1015
431537,205,Birdman,852,595,1015
423190,205,Birdman,838,568,1015
431440,205,Birdman,828,603,1015
431062,205,Birdman,847,562,1015
430130,205,Birdman,822,584,1015
430923,205,Birdman,812,571,1015
431181,205,Birdman,824,633,1015
429389,205,Birdman,815,625,1015
430396,205,Birdman,853,642,1015
420957,205,Birdman,816,635,1015
416516,605,BirdmanL88,843,648,1015
430387,205,Birdman,834,649,1015
431637,205,Birdman,851,648,1015
431609,605,BirdmanL88,836,650,1015
419772,205,Birdman,827,665,1015
428392,205,Birdman,818,679,1015
419398,205,Birdman,820,685,1015
428018,205,Birdman,824,693,1015
430313,205,Birdman,814,691,1015
423206,205,Birdman,825,690,1015
432596,205,Birdman,826,652,1015
422556,205,Birdman,829,655,1015
431229,205,Birdman,829,688,1015
432815,205,Birdman,827,678,1015
430798,205,Birdman,837,679,1015
435167,205,Birdman,832,685,1015
419786,205,Birdman,831,714,1015
430701,205,Birdman,846,694,1015
428076,205,Birdman,847,673,1015
431240,205,Birdman,848,712,1015
430181,205,Birdman,848,716,1015
431324,205,Birdman,849,695,1015
405486,205,Birdman,852,702,1015
429423,205,Birdman,853,705,1015
423690,205,Birdman,847,698,1015
428286,205,Birdman,841,706,1015
428218,205,Birdman,853,707,1015
431245,205,Birdman,836,708,1015
430554,205,Birdman,902,698,1015
421840,205,Birdman,854,662,1015
431911,205,Birdman,854,659,1015
431303,205,Birdman,846,632,1015
426584,205,Birdman,838,665,1015
417352,205,Birdman,845,659,1015
422356,205,Birdman,845,635,1015
427662,205,Birdman,834,626,1015
431154,205,Birdman,841,622,1015
429340,205,Birdman,819,595,1015
431372,205,Birdman,852,607,1015
431063,205,Birdman,844,615,1015
431337,205,Birdman,876,583,1015
406874,205,Birdman,878,576,1015
437021,205,Birdman,868,587,1015
419841,205,Birdman,855,588,1015
422527,205,Birdman,839,581,1015
433978,205,Birdman,845,577,1015
423141,205,Birdman,849,584,1015
432669,205,Birdman,817,585,1015
429797,205,Birdman,818,576,1015
430575,205,Birdman,808,570,1015
434488,205,Birdman,800,571,1015
422467,205,Birdman,825,564,1015
423528,205,Birdman,832,568,1015
431943,205,Birdman,810,554,1015
419093,205,Birdman,807,550,1015
431683,205,Birdman,845,556,1015
429824,205,Birdman,851,544,1015
428300,205,Birdman,831,522,1015
418967,205,Birdman,802,538,1015
437245,205,Birdman,804,500,1015
429870,201,SeniorBandit,577,400,1015
439679,401,BanditDeliverer,549,386,1015
406553,201,Banditti,570,385,1015
432677,201,Banditti,564,378,1015
437757,401,BanditDeliverer,551,380,1015
430621,201,SeniorBandit,547,380,1015
416916,201,Banditti,595,384,1015
407805,201,Banditti,601,379,1015
416374,201,Banditti,605,387,1015
416381,201,Banditti,610,378,1015
429672,201,Banditti,590,361,1015
435306,201,Banditti,573,361,1015
440680,201,Banditti,572,368,1015
441276,201,Banditti,579,365,1015
437621,201,Banditti,556,365,1015
419905,201,Banditti,567,366,1015
423736,401,BanditDeliverer,548,365,1015
416379,401,BanditDeliverer,555,367,1015
417245,201,Banditti,552,365,1015
439607,201,Banditti,567,356,1015
431033,201,Banditti,573,358,1015
416383,201,Banditti,572,355,1015
416911,201,Banditti,604,371,1015
405582,201,Banditti,604,367,1015
416397,900,Guard1,715,573,1015
416406,900,Guard1,733,561,1015
416407,900,Guard1,756,566,1015
416408,900,Guard1,761,544,1015
416405,900,Guard1,713,543,1015
419027,205,Birdman,803,551,1015
436956,205,Birdman,758,672,1015
416226,205,Birdman,754,727,1015
419762,205,Birdman,748,750,1015
424483,205,HawKing,584,721,1015
434470,205,HawKing,581,724,1015
432841,205,HawKing,543,715,1015
424630,205,HawKing,569,713,1015
431162,205,HawKing,555,724,1015
429097,205,HawKing,564,717,1015
430544,205,HawKing,553,712,1015
425302,205,HawKing,566,700,1015
430369,205,HawKing,526,724,1015
429358,205,HawKing,528,704,1015
419559,205,HawKing,533,693,1015
433987,205,HawKing,535,684,1015
440028,245,HawkBoss,514,718,1015
433948,205,HawKing,504,735,1015
435475,205,HawKing,504,721,1015
423158,205,HawKing,500,733,1015
432894,205,HawKing,501,725,1015
437034,205,HawKing,502,728,1015
424612,205,HawKing,504,704,1015
431864,205,HawKing,478,729,1015
433687,205,HawKing,473,712,1015
433051,205,HawKing,483,695,1015
428682,205,HawKing,466,706,1015
428276,205,HawKing,462,682,1015
435996,605,HawkL93,490,683,1015
434619,205,HawKing,489,685,1015
432861,205,HawKing,451,719,1015
436821,205,HawKing,457,688,1015
429548,205,HawKing,441,719,1015
432760,205,HawKing,433,688,1015
431026,605,HawkL93,441,684,1015
430203,205,HawKing,441,686,1015
440663,605,HawkL93,452,681,1015
423182,205,HawKing,432,702,1015
431952,205,HawKing,429,710,1015
438733,605,HawkL93,426,680,1015
436816,205,HawKing,452,676,1015
439230,605,HawkL93,445,658,1015
433906,205,HawKing,447,660,1015
432729,205,HawKing,428,655,1015
431768,205,HawKing,427,661,1015
431852,205,HawKing,431,663,1015
436880,205,HawKing,413,642,1015
433451,205,HawKing,433,623,1015
431251,605,HawkL93,433,632,1015
442737,205,HawKing,421,630,1015
432836,205,HawKing,397,615,1015
435413,205,HawKing,409,608,1015
433732,205,HawKing,416,611,1015
433054,205,HawKing,418,614,1015
406816,605,HawkL93,428,615,1015
437018,605,HawkL93,426,599,1015
431751,205,HawKing,390,589,1015
403648,205,HawKing,390,568,1015
428074,205,HawKing,412,585,1015
424408,205,HawKing,365,558,1015
431514,205,HawKing,369,574,1015
423275,205,HawKing,369,566,1015
424610,205,HawKing,412,552,1015
411905,605,HawkL93,359,558,1015
429679,605,HawkL93,359,525,1015
439790,605,HawkL93,347,539,1015
428106,205,HawKing,369,534,1015
434695,205,HawKing,352,575,1015
415592,605,HawkL93,355,546,1015
436051,605,HawkL93,353,547,1015
431304,605,HawkL93,370,531,1015
420065,205,HawKing,390,594,1015
420673,205,HawKing,394,564,1015
430847,205,HawKing,444,560,1015
432248,605,HawkL93,443,601,1015
424618,205,HawKing,450,590,1015
433813,205,HawKing,457,610,1015
425512,205,HawKing,465,590,1015
431042,605,HawkL93,461,590,1015
429070,605,HawkL93,461,593,1015
437230,205,HawKing,470,596,1015
434916,605,HawkL93,472,614,1015
435997,205,HawKing,469,621,1015
428395,205,HawKing,471,626,1015
437593,605,HawkL93,485,588,1015
435066,605,HawkL93,484,594,1015
435124,605,HawkL93,484,628,1015
427476,605,HawkL93,496,594,1015
419515,205,HawKing,497,617,1015
427984,205,HawKing,487,618,1015
439983,605,HawkL93,501,614,1015
430214,205,HawKing,521,620,1015
419811,205,HawKing,526,612,1015
419684,205,HawKing,538,615,1015
421089,205,HawKing,551,607,1015
421904,205,HawKing,553,627,1015
420734,205,HawKing,556,620,1015
422906,205,HawKing,558,618,1015
422822,205,HawKing,559,623,1015
424532,205,HawKing,558,639,1015
416260,205,HawKing,548,608,1015
416286,205,HawKing,554,631,1015
416575,205,HawKing,539,619,1015
423200,205,HawKing,535,640,1015
416159,205,HawKing,538,643,1015
418330,205,HawKing,523,648,1015
423419,205,HawKing,547,657,1015
432941,205,HawKing,550,651,1015
440275,205,HawKing,557,645,1015
431718,205,HawKing,528,691,1015
431677,205,HawKing,521,687,1015
430968,205,HawKing,551,688,1015
404315,205,HawKing,536,683,1015
425330,205,HawKing,548,688,1015
428088,205,HawKing,533,699,1015
440201,605,HawkL93,500,671,1015
431331,205,HawKing,497,668,1015
425286,205,HawKing,498,705,1015
431810,205,HawKing,524,707,1015
431960,205,HawKing,493,686,1015
434118,605,HawkL93,484,686,1015
431472,605,HawkL93,484,680,1015
432182,605,HawkL93,484,676,1015
422537,205,HawKing,480,689,1015
432219,205,HawKing,474,701,1015
432557,605,HawkL93,474,680,1015
423276,605,HawkL93,473,672,1015
432692,205,HawKing,472,704,1015
417313,605,HawkL93,456,685,1015
421951,205,HawKing,460,680,1015
423222,205,HawKing,453,683,1015
421779,605,HawkL93,450,676,1015
429062,205,HawKing,435,687,1015
432893,605,HawkL93,434,672,1015
430691,605,HawkL93,445,672,1015
430404,605,HawkL93,445,670,1015
432106,205,HawKing,471,670,1015
438047,205,HawKing,446,700,1015
429448,605,HawkL93,466,665,1015
418284,205,HawKing,435,664,1015
422934,605,HawkL93,421,670,1015
422790,605,HawkL93,418,671,1015
428729,205,HawKing,447,674,1015
434904,605,HawkL93,452,659,1015
419535,205,HawKing,452,653,1015
431589,605,HawkL93,439,652,1015
428692,205,HawKing,428,680,1015
432190,205,HawKing,443,650,1015
433797,605,HawkL93,417,647,1015
426593,605,HawkL93,411,651,1015
436709,205,HawKing,413,642,1015
437125,205,HawKing,406,640,1015
428275,205,HawKing,400,638,1015
439608,205,HawKing,432,639,1015
421950,605,HawkL93,439,640,1015
423741,205,HawKing,395,636,1015
431563,205,HawKing,389,630,1015
428149,205,HawKing,395,619,1015
426686,205,HawKing,427,626,1015
439796,205,HawKing,416,630,1015
416915,605,HawkL93,422,654,1015
431548,605,HawkL93,426,608,1015
419566,605,HawkL93,420,594,1015
432868,205,HawKing,415,622,1015
417241,205,HawKing,430,602,1015
419062,205,HawKing,421,622,1015
433661,205,HawKing,434,627,1015
419801,205,HawKing,441,622,1015
433061,205,HawKing,415,616,1015
433683,205,HawKing,418,622,1015
434433,205,HawKing,437,636,1015
422702,605,HawkL93,431,643,1015
429075,205,HawKing,448,609,1015
434265,205,HawKing,454,609,1015
428262,205,HawKing,445,613,1015
439639,205,HawKing,478,632,1015
417640,605,HawkL93,496,650,1015
416115,205,HawKing,493,657,1015
407882,205,HawKing,523,618,1015
422831,205,HawKing,524,631,1015
425376,205,HawKing,523,652,1015
429840,205,HawKing,530,646,1015
422651,205,HawKing,532,631,1015
431164,205,HawKing,498,657,1015
421946,205,HawKing,542,631,1015
429573,205,HawKing,539,645,1015
431500,205,HawKing,545,627,1015
432023,205,HawKing,557,632,1015
418670,205,HawKing,577,677,1015
440008,205,HawKing,576,681,1015
438171,205,HawKing,570,687,1015
416564,205,HawKing,563,683,1015
429625,205,HawKing,543,704,1015
430637,205,HawKing,563,696,1015
438603,205,HawKing,562,708,1015
418664,205,HawKing,545,705,1015
429745,205,HawKing,541,715,1015
439017,205,HawKing,545,714,1015
418851,205,HawKing,566,726,1015
415433,205,HawKing,560,721,1015
418422,205,HawKing,558,721,1015
430841,205,HawKing,574,700,1015
432906,205,HawKing,554,724,1015
406530,205,HawKing,537,722,1015
428102,205,HawKing,525,707,1015
430399,205,HawKing,529,703,1015
433674,205,HawKing,504,712,1015
428675,205,HawKing,491,736,1015
431224,205,HawKing,491,720,1015
431038,205,HawKing,487,726,1015
430635,205,HawKing,472,727,1015
434676,205,HawKing,467,705,1015
429851,205,HawKing,457,726,1015
428204,205,HawKing,460,727,1015
424271,205,HawKing,456,718,1015
407428,205,HawKing,444,718,1015
435093,205,HawKing,446,716,1015
436712,605,HawkL93,458,689,1015
441625,205,HawKing,431,672,1015
438991,205,HawKing,428,693,1015
443735,205,HawKing,434,668,1015
435509,605,HawkL93,440,680,1015
