500204,290,RealmSoldier,181,301,30935
500044,290,RealmSoldier,183,298,30935
500310,290,RealmSoldier,187,311,30935
500358,290,RealmSoldier,189,311,30935
500260,290,RealmSoldier,197,315,30935
500308,290,RealmSoldier,225,333,30935
500208,290,RealmSoldier,230,339,30935
500210,290,RealmSoldier,222,339,30935
500202,290,RealmSoldier,230,336,30935
500022,290,RealmSoldier,233,340,30935
500314,290,RealmSoldier,223,342,30935
500042,290,RealmSoldier,220,342,30935
500316,290,RealmSoldier,224,344,30935
500312,290,RealmSoldier,227,349,30935
500060,290,RealmSoldier,244,366,30935
500292,290,RealmSoldier,247,367,30935
410284,290,RealmSoldier,258,335,30935
410319,290,RealmSoldier,258,348,30935
500070,290,RealmSoldier,260,349,30935
500332,290,RealmSoldier,257,366,30935
500196,290,RealmSoldier,261,368,30935
413342,290,RealmSoldier,269,372,30935
410302,290,RealmSoldier,260,372,30935
410380,290,RealmSoldier,259,376,30935
410328,290,RealmSoldier,265,368,30935
410295,290,RealmSoldier,265,395,30935
410329,290,RealmSoldier,264,343,30935
500150,290,RealmSoldier,265,355,30935
410312,290,RealmSoldier,272,371,30935
500214,290,RealmSoldier,285,377,30935
410315,290,RealmSoldier,280,377,30935
410334,910,MilitaryOfficerofRealm,263,377,30935
410434,290,RealmSoldier,261,366,30935
410229,168,BlackTurtleDefender,283,350,30935
410220,168,BlackTurtleDefender,279,346,30935
410218,168,BlackTurtleDefender,281,351,30935
410285,290,RealmSoldier,280,371,30935
410207,168,BlackTurtleDefender,286,351,30935
410235,168,BlackTurtleDefender,284,352,30935
410213,168,BlackTurtleDefender,287,343,30935
410201,168,BlackTurtleDefender,289,342,30935
410205,168,BlackTurtleDefender,289,354,30935
410305,290,RealmSoldier,290,367,30935
500072,290,RealmSoldier,290,369,30935
500258,290,RealmSoldier,289,371,30935
500172,290,RealmSoldier,290,375,30935
500156,290,RealmSoldier,288,380,30935
410317,290,RealmSoldier,286,375,30935
410276,290,RealmSoldier,286,372,30935
410210,168,BlackTurtleDefender,290,351,30935
410406,910,MilitaryOfficerofRealm,305,395,30935
410316,788,KylinChariot,281,397,30935
410387,290,RealmSoldier,263,401,30935
410289,290,RealmSoldier,255,404,30935
500356,290,RealmSoldier,301,397,30935
500064,290,RealmSoldier,304,404,30935
500108,290,RealmSoldier,305,397,30935
410314,290,RealmSoldier,257,407,30935
410368,910,MilitaryOfficerofRealm,258,410,30935
410355,290,RealmSoldier,289,407,30935
410320,290,RealmSoldier,292,408,30935
411096,290,RealmSoldier,285,408,30935
410321,290,RealmSoldier,282,409,30935
500182,290,RealmSoldier,237,391,30935
500268,290,RealmSoldier,237,393,30935
500224,290,RealmSoldier,239,391,30935
500286,290,RealmSoldier,189,389,30935
500174,290,RealmSoldier,187,389,30935
410384,290,RealmSoldier,296,378,30935
500124,290,RealmSoldier,291,385,30935
410324,788,KylinChariot,293,379,30935
410323,290,RealmSoldier,295,424,30935
410396,910,MilitaryOfficerofRealm,304,373,30935
410332,290,RealmSoldier,301,366,30935
410375,290,RealmSoldier,302,368,30935
410418,290,RealmSoldier,306,371,30935
410221,290,RealmSoldier,312,368,30935
410296,290,RealmSoldier,315,367,30935
500058,290,RealmSoldier,309,399,30935
500120,290,RealmSoldier,308,401,30935
500110,290,RealmSoldier,307,398,30935
410348,290,RealmSoldier,321,401,30935
410303,290,RealmSoldier,306,400,30935
410364,290,RealmSoldier,313,402,30935
410275,290,RealmSoldier,318,370,30935
410373,290,RealmSoldier,320,403,30935
500054,290,RealmSoldier,361,355,30935
500256,290,RealmSoldier,361,357,30935
500138,290,RealmSoldier,389,439,30935
500344,290,RealmSoldier,387,437,30935
410242,384,WhiteTigerDefender,387,452,30935
410267,384,WhiteTigerDefender,388,454,30935
410236,384,WhiteTigerDefender,365,453,30935
410240,384,WhiteTigerDefender,368,456,30935
410238,384,WhiteTigerDefender,364,457,30935
410241,384,WhiteTigerDefender,371,453,30935
410262,384,WhiteTigerDefender,377,456,30935
500098,290,RealmSoldier,411,464,30935
500230,290,RealmSoldier,409,463,30935
412205,290,RealmSoldier,384,458,30935
410338,290,RealmSoldier,388,467,30935
410251,384,WhiteTigerDefender,380,461,30935
410410,290,RealmSoldier,380,463,30935
410372,290,RealmSoldier,431,461,30935
500338,290,RealmSoldier,416,462,30935
500354,290,RealmSoldier,416,465,30935
500250,290,RealmSoldier,401,467,30935
500170,290,RealmSoldier,413,463,30935
500278,290,RealmSoldier,405,463,30935
410413,910,MilitaryOfficerofRealm,386,471,30935
410385,290,RealmSoldier,395,472,30935
410369,290,RealmSoldier,428,474,30935
410322,290,RealmSoldier,419,474,30935
410378,290,RealmSoldier,416,480,30935
410309,290,RealmSoldier,417,474,30935
410349,290,RealmSoldier,420,471,30935
410304,910,MilitaryOfficerofRealm,415,470,30935
410363,290,RealmSoldier,411,489,30935
410330,290,RealmSoldier,386,485,30935
410386,788,KylinChariot,421,487,30935
410366,290,RealmSoldier,402,497,30935
410342,290,RealmSoldier,390,495,30935
410362,290,RealmSoldier,414,494,30935
410358,290,RealmSoldier,414,490,30935
410379,290,RealmSoldier,415,503,30935
411089,290,RealmSoldier,399,502,30935
410441,290,RealmSoldier,436,490,30935
410388,290,RealmSoldier,437,494,30935
410359,290,RealmSoldier,437,492,30935
410389,290,RealmSoldier,444,497,30935
500340,290,RealmSoldier,395,474,30935
500198,290,RealmSoldier,395,470,30935
500220,290,RealmSoldier,391,470,30935
500348,290,RealmSoldier,391,474,30935
410335,290,RealmSoldier,371,488,30935
410416,910,MilitaryOfficerofRealm,371,490,30935
410297,290,RealmSoldier,369,468,30935
410337,290,RealmSoldier,357,490,30935
410345,290,RealmSoldier,360,493,30935
410243,290,RealmSoldier,345,478,30935
410347,290,RealmSoldier,332,475,30935
410343,290,RealmSoldier,308,460,30935
410290,290,RealmSoldier,353,460,30935
410279,290,RealmSoldier,309,468,30935
410350,788,KylinChariot,355,452,30935
410307,290,RealmSoldier,307,467,30935
410377,290,RealmSoldier,340,479,30935
410382,290,RealmSoldier,307,466,30935
410438,910,MilitaryOfficerofRealm,344,474,30935
410357,290,RealmSoldier,363,463,30935
410356,290,RealmSoldier,362,466,30935
410288,290,RealmSoldier,402,502,30935
500096,290,RealmSoldier,413,455,30935
410360,290,RealmSoldier,422,478,30935
500100,290,RealmSoldier,430,457,30935
410354,290,RealmSoldier,420,467,30935
500018,290,RealmSoldier,424,464,30935
500144,290,RealmSoldier,431,459,30935
500254,290,RealmSoldier,435,453,30935
500352,290,RealmSoldier,433,457,30935
500334,290,RealmSoldier,434,455,30935
410402,788,KylinChariot,442,491,30935
410367,290,RealmSoldier,446,464,30935
500164,290,RealmSoldier,447,462,30935
500136,290,RealmSoldier,448,464,30935
410409,290,RealmSoldier,451,489,30935
410399,290,RealmSoldier,461,494,30935
410427,290,RealmSoldier,462,491,30935
410310,910,MilitaryOfficerofRealm,448,474,30935
410436,290,RealmSoldier,445,471,30935
500252,290,RealmSoldier,447,470,30935
411106,788,KylinChariot,416,501,30935
500240,290,RealmSoldier,414,468,30935
410392,290,RealmSoldier,464,493,30935
500112,290,RealmSoldier,417,464,30935
500126,290,RealmSoldier,416,466,30935
500090,290,RealmSoldier,418,467,30935
500082,290,RealmSoldier,459,459,30935
410401,290,RealmSoldier,456,461,30935
410352,290,RealmSoldier,458,469,30935
410393,290,RealmSoldier,463,459,30935
410415,290,RealmSoldier,464,471,30935
410439,910,MilitaryOfficerofRealm,472,476,30935
410353,788,KylinChariot,473,502,30935
410408,290,RealmSoldier,485,477,30935
410429,290,RealmSoldier,484,471,30935
410433,910,MilitaryOfficerofRealm,489,471,30935
410391,290,RealmSoldier,491,469,30935
410407,290,RealmSoldier,486,484,30935
410370,290,RealmSoldier,484,434,30935
413347,290,RealmSoldier,481,417,30935
411092,290,RealmSoldier,497,425,30935
410445,910,MilitaryOfficerofRealm,502,420,30935
412207,788,KylinChariot,470,414,30935
410437,290,RealmSoldier,478,415,30935
410403,290,RealmSoldier,491,408,30935
440682,290,RealmSoldier,511,412,30935
410443,290,RealmSoldier,506,410,30935
410365,290,RealmSoldier,482,395,30935
500298,290,RealmSoldier,513,402,30935
500330,290,RealmSoldier,513,398,30935
500360,290,RealmSoldier,509,398,30935
500318,290,RealmSoldier,506,405,30935
411094,290,RealmSoldier,506,398,30935
410417,290,RealmSoldier,489,398,30935
410308,290,RealmSoldier,508,388,30935
410397,910,MilitaryOfficerofRealm,504,394,30935
410341,290,RealmSoldier,504,388,30935
500336,290,RealmSoldier,506,386,30935
500262,290,RealmSoldier,490,389,30935
410346,290,RealmSoldier,489,382,30935
438894,255,AzureDragonDefender,482,382,30935
500216,290,RealmSoldier,482,394,30935
410253,255,AzureDragonDefender,481,379,30935
410344,290,RealmSoldier,484,379,30935
410268,255,AzureDragonDefender,480,377,30935
412209,290,RealmSoldier,490,345,30935
411091,290,RealmSoldier,488,348,30935
410424,910,MilitaryOfficerofRealm,488,367,30935
410336,290,RealmSoldier,491,375,30935
410287,255,AzureDragonDefender,478,378,30935
410261,255,AzureDragonDefender,475,380,30935
410286,255,AzureDragonDefender,473,367,30935
410246,255,AzureDragonDefender,478,375,30935
439339,255,AzureDragonDefender,472,369,30935
410256,255,AzureDragonDefender,472,372,30935
410257,255,AzureDragonDefender,470,367,30935
410351,290,RealmSoldier,476,376,30935
410278,290,RealmSoldier,468,368,30935
412203,290,RealmSoldier,467,366,30935
410374,290,RealmSoldier,464,344,30935
410425,788,KylinChariot,458,340,30935
410405,290,RealmSoldier,462,336,30935
411102,290,RealmSoldier,465,335,30935
500036,290,RealmSoldier,459,359,30935
412206,290,RealmSoldier,487,331,30935
410420,290,RealmSoldier,484,329,30935
500078,290,RealmSoldier,484,327,30935
410444,910,MilitaryOfficerofRealm,484,331,30935
410414,290,RealmSoldier,437,322,30935
413348,290,RealmSoldier,433,315,30935
410422,290,RealmSoldier,431,316,30935
440463,290,RealmSoldier,429,292,30935
410423,910,MilitaryOfficerofRealm,425,314,30935
411098,290,RealmSoldier,426,321,30935
412217,290,RealmSoldier,408,291,30935
438513,290,RealmSoldier,402,292,30935
410225,197,VermilionBirdDefender,396,291,30935
410259,197,VermilionBirdDefender,399,287,30935
420392,290,RealmSoldier,409,278,30935
411097,290,RealmSoldier,398,294,30935
411088,290,RealmSoldier,380,258,30935
419178,290,RealmSoldier,383,258,30935
413345,290,RealmSoldier,403,266,30935
411100,290,RealmSoldier,405,269,30935
411104,290,RealmSoldier,404,264,30935
413349,290,RealmSoldier,409,269,30935
4309353,290,RealmSoldier,420,286,30935
413341,290,RealmSoldier,379,256,30935
439463,788,KylinChariot,403,251,30935
410226,197,VermilionBirdDefender,380,286,30935
410239,197,VermilionBirdDefender,371,277,30935
410224,197,VermilionBirdDefender,377,280,30935
410217,197,VermilionBirdDefender,373,280,30935
410400,290,RealmSoldier,371,287,30935
410232,197,VermilionBirdDefender,371,281,30935
500128,290,RealmSoldier,374,287,30935
500114,290,RealmSoldier,374,285,30935
500282,290,RealmSoldier,377,284,30935
414519,290,RealmSoldier,374,253,30935
440595,910,MilitaryOfficerofRealm,377,257,30935
410376,788,KylinChariot,361,257,30935
439361,290,RealmSoldier,354,253,30935
412208,290,RealmSoldier,357,259,30935
413350,290,RealmSoldier,359,251,30935
440695,290,RealmSoldier,346,286,30935
412216,788,KylinChariot,346,277,30935
500122,290,RealmSoldier,336,264,30935
410271,290,RealmSoldier,341,257,30935
500146,290,RealmSoldier,332,257,30935
500086,290,RealmSoldier,332,260,30935
500242,290,RealmSoldier,332,264,30935
500148,290,RealmSoldier,318,261,30935
500040,290,RealmSoldier,318,304,30935
412215,290,RealmSoldier,318,293,30935
410301,290,RealmSoldier,317,302,30935
410298,290,RealmSoldier,323,309,30935
410294,290,RealmSoldier,319,306,30935
410277,290,RealmSoldier,323,307,30935
438843,290,RealmSoldier,324,305,30935
412212,290,RealmSoldier,326,295,30935
420393,290,RealmSoldier,363,288,30935
410440,290,RealmSoldier,362,290,30935
411093,290,RealmSoldier,362,294,30935
440674,910,MilitaryOfficerofRealm,321,282,30935
419179,290,RealmSoldier,338,286,30935
412213,290,RealmSoldier,343,291,30935
410442,290,RealmSoldier,340,288,30935
410306,290,RealmSoldier,306,276,30935
410280,290,RealmSoldier,307,272,30935
410421,788,KylinChariot,308,276,30935
440594,290,RealmSoldier,346,270,30935
500228,290,RealmSoldier,315,302,30935
500322,290,RealmSoldier,313,300,30935
410292,290,RealmSoldier,314,266,30935
500246,290,RealmSoldier,315,264,30935
411103,290,RealmSoldier,322,265,30935
410447,290,RealmSoldier,332,265,30935
410411,290,RealmSoldier,329,267,30935
416829,910,MilitaryOfficerofRealm,336,262,30935
410398,290,RealmSoldier,345,258,30935
500154,290,RealmSoldier,305,273,30935
410299,290,RealmSoldier,303,273,30935
440666,197,VermilionBirdDefender,368,293,30935
410223,197,VermilionBirdDefender,369,297,30935
439462,788,KylinChariot,362,268,30935
410215,197,VermilionBirdDefender,373,303,30935
410446,290,RealmSoldier,374,285,30935
413346,290,RealmSoldier,380,286,30935
410234,197,VermilionBirdDefender,381,293,30935
410248,197,VermilionBirdDefender,380,291,30935
500290,290,RealmSoldier,378,288,30935
440740,197,VermilionBirdDefender,395,304,30935
410222,197,VermilionBirdDefender,381,296,30935
500234,290,RealmSoldier,377,293,30935
440028,290,RealmSoldier,382,291,30935
440678,290,RealmSoldier,382,295,30935
500272,290,RealmSoldier,378,289,30935
500276,290,RealmSoldier,374,289,30935
500326,290,RealmSoldier,374,293,30935
440680,197,VermilionBirdDefender,389,297,30935
410237,197,VermilionBirdDefender,378,304,30935
410255,197,VermilionBirdDefender,391,285,30935
410247,197,VermilionBirdDefender,391,293,30935
410231,197,VermilionBirdDefender,395,294,30935
413343,290,RealmSoldier,408,289,30935
413344,788,KylinChariot,408,291,30935
412204,290,RealmSoldier,410,289,30935
500302,290,RealmSoldier,387,297,30935
500232,290,RealmSoldier,387,293,30935
500080,290,RealmSoldier,383,293,30935
410245,168,BlackTurtleDefender,282,346,30935
410412,788,KylinChariot,294,362,30935
500186,290,RealmSoldier,301,394,30935
410265,290,RealmSoldier,321,370,30935
410266,255,AzureDragonDefender,466,369,30935
411099,290,RealmSoldier,470,373,30935
410430,290,RealmSoldier,468,371,30935
410233,255,AzureDragonDefender,471,375,30935
410263,255,AzureDragonDefender,472,381,30935
411090,290,RealmSoldier,476,401,30935
410244,255,AzureDragonDefender,476,371,30935
410254,255,AzureDragonDefender,474,377,30935
411107,788,KylinChariot,478,367,30935
410270,255,AzureDragonDefender,483,370,30935
410219,255,AzureDragonDefender,477,374,30935
440496,788,KylinChariot,488,398,30935
500140,290,RealmSoldier,434,317,30935
410327,290,RealmSoldier,426,293,30935
416830,290,RealmSoldier,430,288,30935
410394,290,RealmSoldier,379,295,30935
411101,290,RealmSoldier,393,286,30935
410426,197,VermilionBirdDefender,386,302,30935
440728,788,KylinChariot,358,286,30935
413340,290,RealmSoldier,330,283,30935
411108,290,RealmSoldier,322,340,30935
410200,788,KylinChariot,321,331,30935
410383,290,RealmSoldier,312,327,30935
500160,290,RealmSoldier,312,331,30935
410230,168,BlackTurtleDefender,298,336,30935
500226,290,RealmSoldier,310,310,30935
410209,168,BlackTurtleDefender,292,338,30935
410272,168,BlackTurtleDefender,302,326,30935
500306,290,RealmSoldier,295,295,30935
410228,168,BlackTurtleDefender,298,350,30935
410208,168,BlackTurtleDefender,303,345,30935
410291,290,RealmSoldier,307,351,30935
410214,168,BlackTurtleDefender,295,356,30935
500176,290,RealmSoldier,267,370,30935
500350,290,RealmSoldier,264,355,30935
500300,290,RealmSoldier,278,365,30935
500188,290,RealmSoldier,278,363,30935
410325,290,RealmSoldier,299,439,30935
410395,788,KylinChariot,298,436,30935
410313,290,RealmSoldier,315,431,30935
410282,910,MilitaryOfficerofRealm,327,415,30935
