418285,900,Guard1,87,424,10137
418284,900,Guard1,125,371,10137
418283,900,Guard1,125,360,10137
406938,362,NightSpecter,150,354,10137
421034,362,NightSpecter,150,348,10137
416477,362,NightSpecter,152,355,10137
440023,362,NightSpecter,152,368,10137
434031,362,NightSpecter,153,370,10137
413146,362,NightSpecter,152,366,10137
413212,362,NightSpecter,153,363,10137
430563,362,NightSpecter,159,366,10137
428566,362,NightSpecter,155,367,10137
447123,362,NightSpecter,171,349,10137
434503,362,NightSpecter,166,344,10137
428591,362,NightSpecter,174,347,10137
447799,362,NightSpecter,176,351,10137
433830,362,NightSpecter,163,346,10137
406571,362,NightSpecter,163,346,10137
412136,362,NightSpecter,163,353,10137
409531,362,NightSpecter,162,363,10137
402248,362,NightSpecter,156,349,10137
449007,362,NightSpecter,160,356,10137
410807,362,NightSpecter,156,352,10137
407117,362,NightSpecter,158,352,10137
423224,362,NightSpecter,154,353,10137
441938,362,NightSpecter,155,356,10137
412536,362,NightSpecter,164,358,10137
449061,362,NightSpecter,164,366,10137
445041,362,NightSpecter,165,362,10137
435682,362,NightSpecter,166,348,10137
432739,362,NightSpecter,166,365,10137
410186,362,NightSpecter,168,356,10137
444360,362,NightSpecter,169,351,10137
406129,362,NightSpecter,169,363,10137
405478,362,NightSpecter,169,360,10137
406774,362,NightSpecter,170,366,10137
433304,362,NightSpecter,170,369,10137
443634,362,NightSpecter,172,352,10137
427225,362,NightSpecter,171,362,10137
430653,362,NightSpecter,174,351,10137
429917,362,NightSpecter,172,358,10137
405522,362,NightSpecter,172,371,10137
412335,362,NightSpecter,173,354,10137
402210,362,NightSpecter,173,361,10137
431541,362,NightSpecter,178,347,10137
424287,362,NightSpecter,174,372,10137
429571,362,NightSpecter,177,356,10137
436691,362,NightSpecter,174,358,10137
402729,362,NightSpecter,179,351,10137
407408,362,NightSpecter,176,372,10137
425940,362,NightSpecter,176,366,10137
407582,362,NightSpecter,178,372,10137
410901,362,NightSpecter,189,338,10137
418293,362,NightSpecter,162,318,10137
406869,362,NightSpecter,203,352,10137
418343,362,NightSpecter,191,317,10137
448940,362,NightSpecter,178,274,10137
411090,362,NightSpecter,174,279,10137
418799,362,NightSpecter,192,269,10137
441384,362,NightSpecter,184,269,10137
418013,362,NightSpecter,198,269,10137
401404,362,NightSpecter,200,269,10137
407370,362,NightSpecter,199,271,10137
435763,362,NightSpecter,200,280,10137
439173,362,NightSpecter,199,273,10137
407007,362,NightSpecter,200,278,10137
429591,362,NightSpecter,190,279,10137
438678,362,NightSpecter,192,280,10137
418419,362,NightSpecter,195,274,10137
402723,362,NightSpecter,190,276,10137
441450,362,NightSpecter,187,265,10137
434665,362,NightSpecter,185,264,10137
424325,362,NightSpecter,179,261,10137
411456,362,NightSpecter,179,267,10137
433881,362,NightSpecter,182,266,10137
431468,362,NightSpecter,198,266,10137
404142,362,NightSpecter,200,265,10137
420581,362,NightSpecter,178,257,10137
437422,362,NightSpecter,188,261,10137
448476,362,NightSpecter,197,255,10137
410122,362,NightSpecter,193,254,10137
434696,362,NightSpecter,196,262,10137
434074,362,NightSpecter,190,257,10137
427990,362,NightSpecter,197,257,10137
442622,362,NightSpecter,182,256,10137
446119,362,NightSpecter,189,259,10137
418899,362,NightSpecter,188,256,10137
420100,362,NightSpecter,183,259,10137
436514,362,NightSpecter,180,264,10137
448685,362,NightSpecter,186,258,10137
406787,362,NightSpecter,201,260,10137
431274,362,NightSpecter,200,257,10137
429452,362,NightSpecter,201,262,10137
405507,362,NightSpecter,202,257,10137
412236,362,NightSpecter,198,259,10137
438444,362,NightSpecter,202,254,10137
423783,362,NightSpecter,204,256,10137
423015,362,NightSpecter,199,254,10137
434555,362,NightSpecter,198,261,10137
403464,362,NightSpecter,179,255,10137
448221,362,NightSpecter,176,251,10137
438084,362,NightSpecter,191,251,10137
435718,362,NightSpecter,190,253,10137
431040,362,NightSpecter,196,253,10137
434196,362,NightSpecter,181,253,10137
418350,362,NightSpecter,217,240,10137
413133,362,NightSpecter,247,239,10137
406073,362,NightSpecter,272,263,10137
423196,362,NightSpecter,294,238,10137
409660,362,NightSpecter,255,292,10137
411446,362,NightSpecter,260,290,10137
406910,362,NightSpecter,252,289,10137
417067,362,NightSpecter,254,284,10137
404075,362,NightSpecter,258,285,10137
405235,362,NightSpecter,253,282,10137
410382,362,NightSpecter,256,286,10137
407011,362,NightSpecter,251,282,10137
421111,362,NightSpecter,302,245,10137
423907,362,NightSpecter,297,245,10137
424664,362,NightSpecter,295,245,10137
424752,362,NightSpecter,295,250,10137
418367,362,NightSpecter,296,248,10137
421808,362,NightSpecter,315,246,10137
440418,362,NightSpecter,311,247,10137
423493,362,NightSpecter,311,245,10137
423368,362,NightSpecter,308,241,10137
424592,362,NightSpecter,317,241,10137
425479,362,NightSpecter,311,236,10137
425582,362,NightSpecter,311,249,10137
425711,362,NightSpecter,308,244,10137
425724,362,NightSpecter,310,242,10137
423104,362,NightSpecter,301,249,10137
411826,362,NightSpecter,323,247,10137
427157,362,NightSpecter,317,248,10137
425740,362,NightSpecter,313,244,10137
425965,362,NightSpecter,318,246,10137
423322,362,NightSpecter,303,251,10137
421949,362,NightSpecter,299,240,10137
424500,362,NightSpecter,298,238,10137
426121,362,NightSpecter,301,241,10137
421847,362,NightSpecter,306,237,10137
424451,362,NightSpecter,298,234,10137
418390,362,NightSpecter,301,235,10137
420032,362,NightSpecter,317,239,10137
424837,362,NightSpecter,308,237,10137
426006,362,NightSpecter,321,240,10137
422026,362,NightSpecter,304,244,10137
422496,362,NightSpecter,309,235,10137
422245,362,NightSpecter,304,222,10137
426088,362,NightSpecter,296,228,10137
422344,362,NightSpecter,300,224,10137
422588,362,NightSpecter,299,227,10137
424913,362,NightSpecter,299,227,10137
416836,362,NightSpecter,297,224,10137
417358,362,NightSpecter,305,228,10137
416714,362,NightSpecter,304,235,10137
424271,362,NightSpecter,295,233,10137
420321,362,NightSpecter,317,229,10137
427091,362,NightSpecter,322,232,10137
422577,362,NightSpecter,311,227,10137
422135,362,NightSpecter,309,229,10137
422384,362,NightSpecter,310,233,10137
423086,362,NightSpecter,319,238,10137
421467,362,NightSpecter,298,221,10137
425967,362,NightSpecter,296,222,10137
405342,362,NightSpecter,334,272,10137
421728,362,NightSpecter,339,272,10137
403313,362,NightSpecter,331,270,10137
404034,362,NightSpecter,353,269,10137
404272,362,NightSpecter,351,279,10137
405725,362,NightSpecter,350,273,10137
407310,362,NightSpecter,356,272,10137
423475,362,NightSpecter,358,273,10137
405037,362,NightSpecter,343,271,10137
427076,362,NightSpecter,340,269,10137
421823,362,NightSpecter,337,269,10137
416929,362,NightSpecter,328,267,10137
428914,362,NightSpecter,328,269,10137
416904,362,NightSpecter,333,269,10137
416915,362,NightSpecter,338,282,10137
425914,362,NightSpecter,336,281,10137
442300,362,NightSpecter,338,275,10137
407651,362,NightSpecter,328,278,10137
405419,362,NightSpecter,334,276,10137
423613,362,NightSpecter,328,274,10137
421731,362,NightSpecter,336,277,10137
404698,362,NightSpecter,355,277,10137
403566,362,NightSpecter,345,281,10137
407053,362,NightSpecter,342,279,10137
420662,362,NightSpecter,349,279,10137
405580,362,NightSpecter,343,274,10137
404395,362,NightSpecter,355,275,10137
420213,362,NightSpecter,348,276,10137
421479,362,NightSpecter,358,277,10137
438033,362,NightSpecter,341,291,10137
428156,362,NightSpecter,335,291,10137
404924,362,NightSpecter,331,288,10137
408322,362,NightSpecter,340,293,10137
422475,362,NightSpecter,331,294,10137
416895,362,NightSpecter,342,285,10137
405020,362,NightSpecter,355,285,10137
405521,362,NightSpecter,349,284,10137
422029,362,NightSpecter,352,285,10137
406997,362,NightSpecter,344,285,10137
406445,362,NightSpecter,349,289,10137
423093,362,NightSpecter,346,293,10137
406532,362,NightSpecter,345,290,10137
406150,362,NightSpecter,353,288,10137
406659,362,NightSpecter,330,286,10137
416892,362,NightSpecter,333,286,10137
416734,362,NightSpecter,335,283,10137
438039,362,NightSpecter,338,283,10137
408548,362,NightSpecter,340,283,10137
421999,362,NightSpecter,341,296,10137
437969,362,NightSpecter,327,306,10137
418402,362,NightSpecter,373,320,10137
439310,362,NightSpecter,344,317,10137
442393,362,NightSpecter,343,315,10137
439121,362,NightSpecter,326,315,10137
437439,362,NightSpecter,326,313,10137
435874,362,NightSpecter,335,316,10137
437522,362,NightSpecter,331,312,10137
437598,362,NightSpecter,333,314,10137
440583,362,NightSpecter,340,317,10137
424902,362,NightSpecter,336,314,10137
432075,362,NightSpecter,326,309,10137
432702,362,NightSpecter,330,326,10137
436571,362,NightSpecter,332,335,10137
438021,362,NightSpecter,331,332,10137
435040,362,NightSpecter,329,334,10137
437477,362,NightSpecter,330,329,10137
446303,362,NightSpecter,333,329,10137
448075,362,NightSpecter,332,327,10137
434240,362,NightSpecter,334,337,10137
437976,362,NightSpecter,337,326,10137
427347,362,NightSpecter,329,324,10137
438344,362,NightSpecter,337,318,10137
438291,362,NightSpecter,327,323,10137
438388,362,NightSpecter,329,320,10137
438373,362,NightSpecter,332,317,10137
448443,362,NightSpecter,325,319,10137
439170,362,NightSpecter,335,320,10137
437410,362,NightSpecter,340,326,10137
439044,362,NightSpecter,327,328,10137
447882,362,NightSpecter,340,328,10137
428877,362,NightSpecter,328,332,10137
427510,362,NightSpecter,326,335,10137
436669,362,NightSpecter,326,333,10137
435125,362,NightSpecter,338,336,10137
416742,362,NightSpecter,320,330,10137
438452,362,NightSpecter,318,328,10137
405604,362,NightSpecter,323,326,10137
436941,362,NightSpecter,318,336,10137
401855,362,NightSpecter,320,334,10137
420099,362,NightSpecter,323,331,10137
424804,362,NightSpecter,316,338,10137
435122,362,NightSpecter,322,334,10137
440564,362,NightSpecter,323,336,10137
434730,362,NightSpecter,323,313,10137
436010,362,NightSpecter,322,317,10137
435172,362,NightSpecter,321,327,10137
405759,362,NightSpecter,319,326,10137
423422,362,NightSpecter,319,318,10137
433010,362,NightSpecter,319,315,10137
431978,362,NightSpecter,297,344,10137
438454,362,NightSpecter,297,344,10137
424763,362,NightSpecter,293,356,10137
448847,362,NightSpecter,291,347,10137
422321,362,NightSpecter,295,353,10137
428484,362,NightSpecter,290,346,10137
424848,362,NightSpecter,294,358,10137
425456,362,NightSpecter,292,345,10137
434957,362,NightSpecter,296,355,10137
400844,362,NightSpecter,292,350,10137
420145,362,NightSpecter,290,358,10137
428492,362,NightSpecter,292,359,10137
428078,362,NightSpecter,288,356,10137
422701,362,NightSpecter,289,354,10137
418362,362,NightSpecter,288,352,10137
420901,362,NightSpecter,286,344,10137
425945,362,NightSpecter,286,344,10137
420821,362,NightSpecter,286,349,10137
424914,362,NightSpecter,285,351,10137
422996,362,NightSpecter,283,353,10137
423856,362,NightSpecter,280,353,10137
424761,362,NightSpecter,275,353,10137
422705,362,NightSpecter,278,355,10137
400176,362,NightSpecter,279,349,10137
428477,362,NightSpecter,280,351,10137
419171,362,NightSpecter,274,359,10137
429255,362,NightSpecter,281,355,10137
425474,362,NightSpecter,282,358,10137
427853,362,NightSpecter,271,354,10137
439344,362,NightSpecter,271,357,10137
420078,362,NightSpecter,284,360,10137
422069,362,NightSpecter,277,360,10137
437262,362,NightSpecter,286,362,10137
448896,362,NightSpecter,270,361,10137
428378,362,NightSpecter,269,357,10137
423315,362,NightSpecter,294,360,10137
402390,362,NightSpecter,298,362,10137
416789,362,NightSpecter,278,369,10137
445110,362,NightSpecter,277,367,10137
425818,362,NightSpecter,275,363,10137
420008,362,NightSpecter,278,364,10137
400714,362,NightSpecter,281,366,10137
403029,362,NightSpecter,281,366,10137
421153,362,NightSpecter,284,368,10137
403409,362,NightSpecter,272,363,10137
419168,362,NightSpecter,273,366,10137
417077,362,NightSpecter,291,363,10137
418486,362,NightSpecter,275,371,10137
404578,362,NightSpecter,280,372,10137
446906,362,NightSpecter,234,345,10137
422611,362,NightSpecter,238,309,10137
406503,362,NightSpecter,237,306,10137
438056,362,NightSpecter,234,310,10137
407088,362,NightSpecter,234,308,10137
421330,362,NightSpecter,240,310,10137
426073,362,NightSpecter,240,309,10137
405219,362,NightSpecter,242,310,10137
406990,362,NightSpecter,245,310,10137
435691,362,NightSpecter,250,323,10137
422616,362,NightSpecter,249,296,10137
427908,362,NightSpecter,240,302,10137
412039,362,NightSpecter,243,304,10137
430887,362,NightSpecter,235,303,10137
426667,362,NightSpecter,240,299,10137
427207,362,NightSpecter,251,300,10137
437403,362,NightSpecter,235,305,10137
426562,362,NightSpecter,255,299,10137
423415,362,NightSpecter,256,304,10137
426580,362,NightSpecter,255,301,10137
427600,362,NightSpecter,254,296,10137
423369,362,NightSpecter,254,294,10137
447263,362,NightSpecter,255,306,10137
408317,362,NightSpecter,245,286,10137
411853,362,NightSpecter,236,286,10137
411634,362,NightSpecter,257,293,10137
408289,362,NightSpecter,259,309,10137
422281,362,NightSpecter,247,295,10137
404653,362,NightSpecter,236,291,10137
426325,362,NightSpecter,237,288,10137
425607,362,NightSpecter,234,295,10137
411581,362,NightSpecter,242,289,10137
430829,362,NightSpecter,251,291,10137
417579,362,NightSpecter,240,288,10137
431379,362,NightSpecter,234,290,10137
429637,362,NightSpecter,238,284,10137
404099,362,NightSpecter,248,284,10137
405611,362,NightSpecter,242,284,10137
428060,362,NightSpecter,234,284,10137
429379,362,NightSpecter,235,282,10137
423306,362,NightSpecter,245,283,10137
425987,362,NightSpecter,249,281,10137
418347,362,NightSpecter,274,303,10137
405356,208,InfernalGeneral,354,194,10137
410758,208,InfernalGeneral,347,196,10137
421812,208,InfernalGeneral,357,196,10137
444246,208,InfernalGeneral,359,194,10137
429090,208,InfernalGeneral,352,211,10137
447861,208,InfernalGeneral,353,220,10137
406427,208,InfernalGeneral,357,218,10137
405505,208,InfernalGeneral,353,216,10137
405008,208,InfernalGeneral,370,191,10137
412858,208,InfernalGeneral,372,191,10137
417393,208,InfernalGeneral,361,191,10137
403400,208,InfernalGeneral,361,214,10137
420815,208,InfernalGeneral,362,203,10137
431914,208,InfernalGeneral,360,210,10137
425970,208,InfernalGeneral,361,206,10137
401285,208,InfernalGeneral,360,219,10137
403508,208,InfernalGeneral,355,207,10137
407027,208,InfernalGeneral,358,210,10137
407477,208,InfernalGeneral,354,205,10137
423886,208,InfernalGeneral,357,212,10137
406156,208,InfernalGeneral,355,211,10137
406177,208,InfernalGeneral,373,194,10137
448610,208,InfernalGeneral,365,196,10137
405301,208,InfernalGeneral,371,194,10137
429762,208,InfernalGeneral,368,196,10137
407041,208,InfernalGeneral,370,197,10137
421252,208,InfernalGeneral,372,197,10137
416717,208,InfernalGeneral,366,214,10137
429923,208,InfernalGeneral,367,199,10137
408731,208,InfernalGeneral,372,203,10137
410339,208,InfernalGeneral,366,204,10137
405372,208,InfernalGeneral,365,198,10137
407652,208,InfernalGeneral,363,205,10137
407679,208,InfernalGeneral,367,209,10137
420745,208,InfernalGeneral,369,208,10137
404251,208,InfernalGeneral,372,208,10137
437324,208,InfernalGeneral,368,213,10137
410705,208,InfernalGeneral,373,213,10137
405427,208,InfernalGeneral,374,207,10137
423344,208,InfernalGeneral,370,200,10137
446903,208,InfernalGeneral,364,202,10137
402690,208,InfernalGeneral,363,215,10137
441634,208,InfernalGeneral,366,216,10137
411622,208,InfernalGeneral,373,216,10137
410793,208,InfernalGeneral,368,218,10137
416466,208,InfernalGeneral,377,218,10137
402446,208,InfernalGeneral,375,195,10137
445873,208,InfernalGeneral,375,197,10137
416620,208,InfernalGeneral,375,203,10137
418499,208,InfernalGeneral,404,203,10137
442956,208,InfernalGeneral,430,200,10137
442439,208,InfernalGeneral,431,214,10137
446710,208,InfernalGeneral,431,205,10137
406772,208,InfernalGeneral,432,197,10137
446952,208,InfernalGeneral,433,208,10137
417759,208,InfernalGeneral,444,214,10137
446469,208,InfernalGeneral,438,196,10137
401142,208,InfernalGeneral,432,202,10137
447261,208,InfernalGeneral,439,200,10137
442470,208,InfernalGeneral,438,211,10137
442211,208,InfernalGeneral,449,222,10137
448869,208,InfernalGeneral,441,227,10137
417754,208,InfernalGeneral,440,221,10137
417756,208,InfernalGeneral,445,219,10137
417753,208,InfernalGeneral,444,222,10137
445250,208,InfernalGeneral,443,216,10137
417786,208,InfernalGeneral,440,197,10137
417752,208,InfernalGeneral,452,201,10137
440675,208,InfernalGeneral,452,207,10137
441661,208,InfernalGeneral,451,214,10137
440742,208,InfernalGeneral,443,206,10137
445329,208,InfernalGeneral,442,208,10137
417773,208,InfernalGeneral,441,204,10137
401799,208,InfernalGeneral,445,212,10137
437213,208,InfernalGeneral,440,207,10137
446848,208,InfernalGeneral,442,198,10137
417761,208,InfernalGeneral,451,205,10137
445442,208,InfernalGeneral,445,202,10137
447526,208,InfernalGeneral,447,199,10137
445493,208,InfernalGeneral,449,212,10137
402821,208,InfernalGeneral,448,203,10137
445396,208,InfernalGeneral,445,198,10137
448054,208,InfernalGeneral,432,219,10137
407809,208,InfernalGeneral,434,218,10137
408448,208,InfernalGeneral,439,218,10137
443320,208,InfernalGeneral,429,219,10137
447851,208,InfernalGeneral,429,219,10137
441476,208,InfernalGeneral,454,203,10137
417750,208,InfernalGeneral,454,214,10137
442148,208,InfernalGeneral,452,212,10137
444181,208,InfernalGeneral,455,206,10137
402578,208,InfernalGeneral,458,205,10137
441707,208,InfernalGeneral,456,204,10137
401504,208,InfernalGeneral,455,199,10137
406650,208,InfernalGeneral,435,220,10137
417605,208,InfernalGeneral,438,221,10137
401890,208,InfernalGeneral,432,221,10137
418501,208,InfernalGeneral,486,211,10137
416564,208,InfernalGeneral,501,229,10137
446812,208,InfernalGeneral,501,231,10137
442358,208,InfernalGeneral,503,233,10137
421810,208,InfernalGeneral,503,235,10137
418526,208,InfernalGeneral,472,241,10137
423362,208,InfernalGeneral,507,233,10137
405304,208,InfernalGeneral,510,232,10137
446554,208,InfernalGeneral,507,229,10137
412497,208,InfernalGeneral,521,231,10137
423595,208,InfernalGeneral,526,232,10137
407398,208,InfernalGeneral,523,232,10137
427219,208,InfernalGeneral,522,235,10137
410857,208,InfernalGeneral,531,230,10137
416932,208,InfernalGeneral,529,230,10137
406920,208,InfernalGeneral,529,233,10137
405601,208,InfernalGeneral,531,240,10137
418627,208,InfernalGeneral,530,235,10137
411422,208,InfernalGeneral,527,238,10137
417452,208,InfernalGeneral,525,236,10137
423857,208,InfernalGeneral,525,238,10137
445553,208,InfernalGeneral,521,242,10137
448170,208,InfernalGeneral,521,240,10137
411472,208,InfernalGeneral,524,254,10137
403864,208,InfernalGeneral,530,255,10137
421729,208,InfernalGeneral,529,252,10137
401531,208,InfernalGeneral,515,251,10137
407267,208,InfernalGeneral,513,244,10137
415368,208,InfernalGeneral,508,246,10137
422106,208,InfernalGeneral,517,249,10137
423421,208,InfernalGeneral,516,250,10137
423962,208,InfernalGeneral,517,249,10137
424911,208,InfernalGeneral,507,246,10137
425653,208,InfernalGeneral,510,246,10137
446871,208,InfernalGeneral,513,246,10137
412823,208,InfernalGeneral,506,250,10137
411176,208,InfernalGeneral,526,248,10137
410208,208,InfernalGeneral,528,246,10137
448309,208,InfernalGeneral,524,246,10137
405240,208,InfernalGeneral,529,258,10137
407507,208,InfernalGeneral,523,258,10137
400718,208,InfernalGeneral,526,258,10137
420124,208,InfernalGeneral,526,257,10137
406583,208,InfernalGeneral,511,257,10137
406953,208,InfernalGeneral,508,256,10137
406455,208,InfernalGeneral,519,256,10137
405483,208,InfernalGeneral,521,257,10137
418407,208,InfernalGeneral,514,257,10137
445597,208,InfernalGeneral,557,256,10137
404465,208,InfernalGeneral,572,278,10137
448316,208,InfernalGeneral,573,284,10137
402354,208,InfernalGeneral,581,261,10137
403355,208,InfernalGeneral,579,264,10137
405229,208,InfernalGeneral,577,265,10137
424481,208,InfernalGeneral,577,283,10137
425513,208,InfernalGeneral,578,286,10137
425932,208,InfernalGeneral,579,269,10137
426696,208,InfernalGeneral,593,282,10137
436288,208,InfernalGeneral,573,262,10137
405850,208,InfernalGeneral,571,263,10137
427110,208,InfernalGeneral,575,265,10137
401492,208,InfernalGeneral,583,268,10137
448713,208,InfernalGeneral,584,276,10137
401322,208,InfernalGeneral,584,281,10137
445767,208,InfernalGeneral,585,262,10137
424888,208,InfernalGeneral,590,276,10137
425956,208,InfernalGeneral,589,276,10137
427320,208,InfernalGeneral,590,276,10137
445876,208,InfernalGeneral,592,280,10137
405971,208,InfernalGeneral,590,285,10137
404020,208,InfernalGeneral,592,272,10137
445245,208,InfernalGeneral,596,269,10137
445283,208,InfernalGeneral,596,272,10137
425813,208,InfernalGeneral,594,273,10137
427044,208,InfernalGeneral,595,274,10137
405709,208,InfernalGeneral,595,283,10137
406310,208,InfernalGeneral,598,284,10137
402010,208,InfernalGeneral,590,266,10137
405167,208,InfernalGeneral,590,268,10137
405250,208,InfernalGeneral,587,267,10137
444924,208,InfernalGeneral,593,269,10137
426677,208,InfernalGeneral,589,263,10137
404240,208,InfernalGeneral,592,264,10137
438764,208,InfernalGeneral,590,264,10137
403551,208,InfernalGeneral,598,262,10137
404655,208,InfernalGeneral,599,271,10137
428030,208,InfernalGeneral,598,277,10137
402881,208,InfernalGeneral,599,283,10137
426630,208,InfernalGeneral,600,278,10137
404248,208,InfernalGeneral,601,267,10137
405473,208,InfernalGeneral,601,275,10137
423174,208,InfernalGeneral,601,283,10137
405515,208,InfernalGeneral,601,288,10137
424809,208,InfernalGeneral,578,288,10137
405195,208,InfernalGeneral,589,289,10137
405137,208,InfernalGeneral,602,277,10137
427284,208,InfernalGeneral,584,291,10137
418503,208,InfernalGeneral,630,283,10137
447623,208,InfernalGeneral,642,294,10137
405435,208,InfernalGeneral,665,319,10137
417709,208,InfernalGeneral,675,331,10137
434662,208,InfernalGeneral,676,340,10137
403179,208,InfernalGeneral,678,341,10137
401225,208,InfernalGeneral,677,343,10137
425521,208,InfernalGeneral,676,333,10137
412296,208,InfernalGeneral,680,340,10137
406958,208,InfernalGeneral,678,334,10137
424611,208,InfernalGeneral,680,338,10137
433944,208,InfernalGeneral,682,342,10137
416917,208,InfernalGeneral,678,347,10137
420040,208,InfernalGeneral,669,332,10137
433425,208,InfernalGeneral,680,346,10137
436261,208,InfernalGeneral,674,342,10137
421639,208,InfernalGeneral,680,344,10137
407005,208,InfernalGeneral,679,350,10137
407554,208,InfernalGeneral,680,348,10137
412214,208,InfernalGeneral,686,333,10137
428264,208,InfernalGeneral,684,341,10137
406830,208,InfernalGeneral,692,340,10137
436712,208,InfernalGeneral,684,333,10137
409832,208,InfernalGeneral,689,342,10137
427238,208,InfernalGeneral,690,348,10137
404089,208,InfernalGeneral,688,353,10137
407372,208,InfernalGeneral,693,347,10137
410976,208,InfernalGeneral,698,347,10137
417739,208,InfernalGeneral,690,346,10137
430929,208,InfernalGeneral,686,350,10137
437298,208,InfernalGeneral,683,345,10137
400138,208,InfernalGeneral,695,347,10137
436844,208,InfernalGeneral,698,345,10137
438061,208,InfernalGeneral,685,352,10137
402922,208,InfernalGeneral,696,343,10137
436437,208,InfernalGeneral,699,343,10137
411102,208,InfernalGeneral,683,350,10137
401014,208,InfernalGeneral,674,351,10137
431282,208,InfernalGeneral,694,353,10137
431942,208,InfernalGeneral,690,350,10137
412556,208,InfernalGeneral,682,352,10137
412376,208,InfernalGeneral,698,351,10137
432832,208,InfernalGeneral,668,362,10137
411271,208,InfernalGeneral,690,338,10137
404612,208,InfernalGeneral,692,354,10137
405313,208,InfernalGeneral,695,358,10137
424963,208,InfernalGeneral,690,354,10137
407603,208,InfernalGeneral,679,358,10137
424665,208,InfernalGeneral,683,354,10137
435562,208,InfernalGeneral,694,337,10137
401395,208,InfernalGeneral,695,335,10137
410632,208,InfernalGeneral,696,333,10137
444709,208,InfernalGeneral,717,382,10137
403961,208,InfernalGeneral,634,356,10137
442049,208,InfernalGeneral,603,363,10137
401280,208,InfernalGeneral,605,384,10137
404105,208,InfernalGeneral,572,403,10137
410425,208,InfernalGeneral,618,422,10137
447519,208,InfernalGeneral,737,412,10137
404824,208,InfernalGeneral,740,413,10137
444707,208,InfernalGeneral,740,409,10137
428318,208,InfernalGeneral,740,407,10137
437426,208,InfernalGeneral,742,412,10137
429287,208,InfernalGeneral,735,409,10137
416834,208,InfernalGeneral,724,410,10137
436365,208,InfernalGeneral,716,406,10137
421643,208,InfernalGeneral,715,408,10137
421694,208,InfernalGeneral,717,410,10137
429343,208,InfernalGeneral,714,410,10137
419942,208,InfernalGeneral,719,411,10137
447450,208,InfernalGeneral,724,416,10137
424563,208,InfernalGeneral,736,415,10137
418658,208,InfernalGeneral,721,415,10137
424257,208,InfernalGeneral,728,414,10137
441998,208,InfernalGeneral,716,415,10137
404677,208,InfernalGeneral,718,415,10137
411466,208,InfernalGeneral,713,412,10137
428249,208,InfernalGeneral,728,426,10137
423897,208,InfernalGeneral,724,418,10137
442149,208,InfernalGeneral,723,420,10137
417334,208,InfernalGeneral,723,423,10137
429393,208,InfernalGeneral,729,418,10137
421221,208,InfernalGeneral,720,425,10137
406994,208,InfernalGeneral,721,420,10137
417446,208,InfernalGeneral,724,427,10137
429038,208,InfernalGeneral,737,424,10137
420933,208,InfernalGeneral,729,421,10137
437771,208,InfernalGeneral,725,421,10137
422991,208,InfernalGeneral,720,423,10137
428594,208,InfernalGeneral,734,419,10137
405506,208,InfernalGeneral,735,425,10137
442662,208,InfernalGeneral,731,418,10137
446579,208,InfernalGeneral,715,426,10137
405049,208,InfernalGeneral,717,427,10137
439765,208,InfernalGeneral,718,418,10137
441957,208,InfernalGeneral,741,419,10137
428095,208,InfernalGeneral,740,421,10137
441320,208,InfernalGeneral,742,427,10137
429366,208,InfernalGeneral,738,421,10137
448208,208,InfernalGeneral,738,426,10137
446591,208,InfernalGeneral,720,432,10137
423447,208,InfernalGeneral,714,434,10137
447139,208,InfernalGeneral,717,432,10137
400720,208,InfernalGeneral,719,430,10137
423848,208,InfernalGeneral,714,429,10137
439891,208,InfernalGeneral,728,429,10137
405868,208,InfernalGeneral,732,428,10137
417827,208,InfernalGeneral,753,472,10137
400719,208,InfernalGeneral,749,476,10137
442056,208,InfernalGeneral,753,476,10137
403592,208,InfernalGeneral,750,470,10137
413244,208,InfernalGeneral,755,476,10137
418778,208,InfernalGeneral,754,479,10137
404546,208,InfernalGeneral,746,486,10137
419250,208,InfernalGeneral,753,487,10137
432963,208,InfernalGeneral,775,479,10137
405630,208,InfernalGeneral,767,481,10137
417829,208,InfernalGeneral,771,480,10137
405531,208,InfernalGeneral,757,478,10137
406983,208,InfernalGeneral,764,480,10137
408320,208,InfernalGeneral,763,477,10137
418360,208,InfernalGeneral,769,481,10137
433118,208,InfernalGeneral,772,482,10137
413272,208,InfernalGeneral,757,484,10137
406723,208,InfernalGeneral,771,485,10137
417809,208,InfernalGeneral,757,487,10137
420559,208,InfernalGeneral,769,486,10137
419978,208,InfernalGeneral,767,484,10137
421132,208,InfernalGeneral,772,487,10137
405130,208,InfernalGeneral,751,484,10137
417084,208,InfernalGeneral,747,480,10137
428597,208,InfernalGeneral,751,482,10137
441964,208,InfernalGeneral,744,482,10137
419212,208,InfernalGeneral,751,478,10137
436572,208,InfernalGeneral,746,477,10137
420104,208,InfernalGeneral,752,490,10137
421184,208,InfernalGeneral,753,492,10137
419866,208,InfernalGeneral,749,491,10137
417291,208,InfernalGeneral,751,495,10137
407803,208,InfernalGeneral,737,501,10137
413121,208,InfernalGeneral,759,476,10137
418155,208,InfernalGeneral,759,470,10137
423089,208,InfernalGeneral,768,497,10137
438705,208,InfernalGeneral,768,490,10137
412396,208,InfernalGeneral,767,488,10137
417582,208,InfernalGeneral,760,494,10137
417867,208,InfernalGeneral,770,488,10137
417917,208,InfernalGeneral,765,492,10137
420146,208,InfernalGeneral,764,488,10137
403131,208,InfernalGeneral,762,493,10137
427222,208,InfernalGeneral,761,475,10137
419073,208,InfernalGeneral,763,472,10137
427935,208,InfernalGeneral,772,472,10137
419092,208,InfernalGeneral,769,473,10137
411326,208,InfernalGeneral,768,478,10137
403512,208,InfernalGeneral,773,478,10137
430845,208,InfernalGeneral,772,470,10137
418516,208,InfernalGeneral,785,524,10137
428274,208,InfernalGeneral,772,532,10137
424586,208,InfernalGeneral,807,547,10137
418518,208,InfernalGeneral,782,561,10137
403827,208,InfernalGeneral,741,534,10137
411399,208,InfernalGeneral,741,534,10137
405143,208,InfernalGeneral,746,535,10137
407047,208,InfernalGeneral,743,536,10137
405763,208,InfernalGeneral,745,533,10137
429726,208,InfernalGeneral,738,532,10137
428380,208,InfernalGeneral,738,539,10137
444279,208,InfernalGeneral,740,549,10137
402159,208,InfernalGeneral,747,550,10137
403452,208,InfernalGeneral,744,556,10137
410486,208,InfernalGeneral,744,547,10137
402937,208,InfernalGeneral,745,545,10137
401537,208,InfernalGeneral,740,547,10137
446830,208,InfernalGeneral,747,554,10137
424346,208,InfernalGeneral,741,543,10137
424234,208,InfernalGeneral,741,554,10137
428933,208,InfernalGeneral,744,542,10137
405274,208,InfernalGeneral,738,545,10137
429053,208,InfernalGeneral,747,557,10137
406180,208,InfernalGeneral,739,541,10137
403181,208,InfernalGeneral,732,544,10137
428459,208,InfernalGeneral,736,548,10137
444456,208,InfernalGeneral,732,550,10137
400906,208,InfernalGeneral,731,548,10137
446113,208,InfernalGeneral,733,557,10137
401539,208,InfernalGeneral,732,540,10137
406763,208,InfernalGeneral,736,551,10137
430084,208,InfernalGeneral,736,553,10137
405475,208,InfernalGeneral,761,580,10137
401459,208,InfernalGeneral,727,547,10137
430739,208,InfernalGeneral,729,545,10137
407024,208,InfernalGeneral,715,542,10137
407550,208,InfernalGeneral,724,541,10137
446314,208,InfernalGeneral,730,543,10137
405267,208,InfernalGeneral,726,542,10137
401625,208,InfernalGeneral,728,540,10137
404392,208,InfernalGeneral,720,533,10137
409764,208,InfernalGeneral,720,540,10137
403453,208,InfernalGeneral,721,536,10137
428051,208,InfernalGeneral,731,534,10137
429699,208,InfernalGeneral,729,537,10137
403157,208,InfernalGeneral,732,537,10137
428291,208,InfernalGeneral,725,539,10137
407414,208,InfernalGeneral,726,536,10137
433906,208,InfernalGeneral,701,514,10137
401875,208,InfernalGeneral,730,528,10137
406853,208,InfernalGeneral,727,530,10137
407576,208,InfernalGeneral,721,528,10137
447796,208,InfernalGeneral,736,529,10137
402625,208,InfernalGeneral,733,527,10137
402761,208,InfernalGeneral,718,528,10137
437580,208,InfernalGeneral,671,522,10137
427391,208,InfernalGeneral,676,507,10137
403865,208,InfernalGeneral,674,531,10137
428474,208,InfernalGeneral,670,527,10137
418522,208,InfernalGeneral,659,526,10137
426206,208,InfernalGeneral,672,532,10137
421266,208,InfernalGeneral,669,522,10137
421296,208,InfernalGeneral,671,524,10137
430152,208,InfernalGeneral,665,526,10137
423448,208,InfernalGeneral,666,534,10137
416888,208,InfernalGeneral,665,513,10137
425800,208,InfernalGeneral,669,508,10137
425319,208,InfernalGeneral,673,506,10137
419985,208,InfernalGeneral,667,521,10137
423706,208,InfernalGeneral,674,512,10137
422643,208,InfernalGeneral,666,517,10137
403954,208,InfernalGeneral,658,528,10137
423767,208,InfernalGeneral,652,529,10137
430483,208,InfernalGeneral,655,532,10137
431575,208,InfernalGeneral,659,531,10137
407559,208,InfernalGeneral,658,523,10137
425785,208,InfernalGeneral,663,528,10137
419975,208,InfernalGeneral,653,532,10137
424784,208,InfernalGeneral,648,531,10137
424252,208,InfernalGeneral,658,507,10137
439259,208,InfernalGeneral,660,504,10137
439285,208,InfernalGeneral,662,511,10137
418471,208,InfernalGeneral,658,517,10137
411245,208,InfernalGeneral,661,509,10137
420077,208,InfernalGeneral,659,511,10137
422334,208,InfernalGeneral,660,506,10137
420300,208,InfernalGeneral,659,513,10137
429093,208,InfernalGeneral,662,513,10137
423081,208,InfernalGeneral,659,516,10137
421734,208,InfernalGeneral,660,522,10137
428001,208,InfernalGeneral,656,523,10137
418561,208,InfernalGeneral,656,507,10137
418341,208,InfernalGeneral,656,519,10137
429024,208,InfernalGeneral,654,523,10137
423393,208,InfernalGeneral,654,510,10137
427564,208,InfernalGeneral,654,516,10137
409718,208,InfernalGeneral,653,512,10137
414422,208,InfernalGeneral,652,509,10137
416528,208,InfernalGeneral,652,514,10137
419896,208,InfernalGeneral,652,506,10137
420989,208,InfernalGeneral,651,518,10137
413344,208,InfernalGeneral,649,510,10137
428923,208,InfernalGeneral,647,514,10137
419094,208,InfernalGeneral,648,518,10137
440393,208,InfernalGeneral,631,538,10137
410394,208,InfernalGeneral,628,509,10137
424392,208,InfernalGeneral,662,562,10137
446444,326,DarkSoul,649,576,10137
428337,208,InfernalGeneral,692,564,10137
439931,326,DarkSoul,738,602,10137
417124,326,DarkSoul,752,651,10137
428476,326,DarkSoul,768,645,10137
443352,326,DarkSoul,757,649,10137
411248,326,DarkSoul,759,651,10137
430270,326,DarkSoul,770,652,10137
417410,326,DarkSoul,764,651,10137
412627,326,DarkSoul,760,648,10137
421294,326,DarkSoul,761,650,10137
429611,326,DarkSoul,752,646,10137
417525,326,DarkSoul,754,657,10137
429443,326,DarkSoul,752,659,10137
430736,326,DarkSoul,753,653,10137
430701,326,DarkSoul,759,657,10137
410142,326,DarkSoul,763,653,10137
412269,326,DarkSoul,759,660,10137
414475,326,DarkSoul,762,659,10137
421144,326,DarkSoul,768,653,10137
415473,326,DarkSoul,762,661,10137
416551,326,DarkSoul,767,655,10137
421179,326,DarkSoul,764,661,10137
423696,326,DarkSoul,771,656,10137
444108,326,DarkSoul,761,653,10137
410897,326,DarkSoul,770,659,10137
429824,326,DarkSoul,756,654,10137
417879,326,DarkSoul,757,657,10137
422059,326,DarkSoul,757,660,10137
409703,326,DarkSoul,767,657,10137
416950,326,DarkSoul,770,661,10137
421818,326,DarkSoul,774,655,10137
414466,326,DarkSoul,753,668,10137
418889,326,DarkSoul,752,666,10137
416646,326,DarkSoul,754,667,10137
428588,326,DarkSoul,762,669,10137
424330,326,DarkSoul,757,667,10137
430828,326,DarkSoul,760,667,10137
417834,326,DarkSoul,767,669,10137
420285,326,DarkSoul,768,663,10137
412540,326,DarkSoul,771,668,10137
421117,326,DarkSoul,769,666,10137
421100,326,DarkSoul,774,665,10137
418921,326,DarkSoul,774,671,10137
412683,326,DarkSoul,776,658,10137
420716,326,DarkSoul,773,672,10137
420868,326,DarkSoul,780,651,10137
444262,326,DarkSoul,780,653,10137
417852,326,DarkSoul,780,649,10137
410253,326,DarkSoul,780,671,10137
445572,326,DarkSoul,647,727,10137
429806,326,DarkSoul,617,705,10137
400760,326,DarkSoul,556,747,10137
426184,326,DarkSoul,562,744,10137
424388,326,DarkSoul,559,753,10137
429870,326,DarkSoul,561,742,10137
440411,326,DarkSoul,559,742,10137
405780,326,DarkSoul,567,758,10137
423565,326,DarkSoul,560,758,10137
414469,326,DarkSoul,563,755,10137
424649,326,DarkSoul,546,763,10137
429360,326,DarkSoul,548,762,10137
441363,326,DarkSoul,546,759,10137
443918,326,DarkSoul,544,758,10137
445583,326,DarkSoul,543,762,10137
442425,326,DarkSoul,544,764,10137
409676,326,DarkSoul,549,758,10137
436172,326,DarkSoul,550,749,10137
434019,326,DarkSoul,549,744,10137
435902,326,DarkSoul,548,751,10137
428491,326,DarkSoul,549,741,10137
447125,326,DarkSoul,549,756,10137
402227,326,DarkSoul,551,751,10137
406614,326,DarkSoul,548,754,10137
429426,326,DarkSoul,549,739,10137
429535,326,DarkSoul,555,739,10137
448540,326,DarkSoul,553,756,10137
439074,326,DarkSoul,555,753,10137
436670,326,DarkSoul,551,737,10137
436403,326,DarkSoul,558,744,10137
420552,326,DarkSoul,535,767,10137
403407,326,DarkSoul,542,765,10137
433966,326,DarkSoul,539,758,10137
445858,326,DarkSoul,539,760,10137
430144,326,DarkSoul,540,751,10137
433039,326,DarkSoul,539,743,10137
411263,326,DarkSoul,537,738,10137
432251,326,DarkSoul,567,764,10137
406880,326,DarkSoul,562,759,10137
404078,326,DarkSoul,562,763,10137
400818,326,DarkSoul,567,762,10137
436791,326,DarkSoul,555,770,10137
429568,326,DarkSoul,547,757,10137
435717,326,DarkSoul,544,740,10137
432884,326,DarkSoul,544,750,10137
401417,326,DarkSoul,546,755,10137
448635,326,DarkSoul,542,741,10137
445698,326,DarkSoul,546,740,10137
407257,326,DarkSoul,541,739,10137
426176,326,DarkSoul,545,752,10137
429131,326,DarkSoul,545,738,10137
448104,326,DarkSoul,522,753,10137
423556,326,DarkSoul,499,784,10137
428192,326,DarkSoul,501,785,10137
425348,326,DarkSoul,488,785,10137
434237,326,DarkSoul,502,779,10137
400770,326,DarkSoul,502,782,10137
437387,326,DarkSoul,489,781,10137
443436,326,DarkSoul,499,772,10137
437532,326,DarkSoul,492,780,10137
433165,326,DarkSoul,492,784,10137
440246,326,DarkSoul,490,777,10137
441599,326,DarkSoul,498,777,10137
425795,326,DarkSoul,495,772,10137
428408,326,DarkSoul,492,762,10137
433209,326,DarkSoul,491,765,10137
428905,326,DarkSoul,497,767,10137
435341,326,DarkSoul,494,770,10137
427989,326,DarkSoul,495,765,10137
434103,326,DarkSoul,494,762,10137
432873,326,DarkSoul,490,772,10137
445390,326,DarkSoul,487,764,10137
434874,326,DarkSoul,487,762,10137
425516,326,DarkSoul,477,777,10137
425899,326,DarkSoul,479,781,10137
433865,326,DarkSoul,481,780,10137
436401,326,DarkSoul,477,779,10137
433323,326,DarkSoul,484,777,10137
427869,326,DarkSoul,483,781,10137
425554,326,DarkSoul,482,777,10137
426077,326,DarkSoul,479,783,10137
429063,326,DarkSoul,485,779,10137
427273,326,DarkSoul,484,774,10137
439096,326,DarkSoul,479,774,10137
427354,326,DarkSoul,476,774,10137
439683,326,DarkSoul,482,761,10137
444754,326,DarkSoul,484,762,10137
437371,326,DarkSoul,481,759,10137
423675,326,DarkSoul,478,769,10137
436418,326,DarkSoul,478,767,10137
428881,326,DarkSoul,478,760,10137
433277,326,DarkSoul,484,764,10137
427259,326,DarkSoul,476,763,10137
436259,326,DarkSoul,478,757,10137
433238,326,DarkSoul,478,763,10137
436491,326,DarkSoul,483,758,10137
448659,326,DarkSoul,483,772,10137
434753,326,DarkSoul,485,759,10137
427473,326,DarkSoul,486,769,10137
432760,326,DarkSoul,486,772,10137
428022,326,DarkSoul,486,766,10137
422512,326,DarkSoul,457,783,10137
403442,326,DarkSoul,437,773,10137
407754,326,DarkSoul,418,751,10137
437552,326,DarkSoul,455,723,10137
418420,326,DarkSoul,458,751,10137
435186,326,DarkSoul,466,704,10137
436116,326,DarkSoul,462,711,10137
437218,326,DarkSoul,465,708,10137
410569,326,DarkSoul,460,710,10137
410673,326,DarkSoul,463,717,10137
418345,326,DarkSoul,464,704,10137
431289,326,DarkSoul,462,714,10137
435746,326,DarkSoul,459,703,10137
404591,326,DarkSoul,467,719,10137
412741,326,DarkSoul,454,719,10137
414373,326,DarkSoul,456,719,10137
412954,326,DarkSoul,467,711,10137
434000,326,DarkSoul,468,717,10137
435455,326,DarkSoul,441,719,10137
437384,326,DarkSoul,446,715,10137
437523,326,DarkSoul,448,715,10137
435513,326,DarkSoul,449,718,10137
414470,326,DarkSoul,469,714,10137
418133,326,DarkSoul,445,708,10137
432940,326,DarkSoul,441,710,10137
434442,326,DarkSoul,440,708,10137
402241,326,DarkSoul,439,706,10137
402815,326,DarkSoul,444,711,10137
405579,326,DarkSoul,446,706,10137
437506,326,DarkSoul,448,712,10137
407800,326,DarkSoul,455,704,10137
410772,326,DarkSoul,451,706,10137
417801,326,DarkSoul,454,708,10137
434311,326,DarkSoul,456,707,10137
405836,326,DarkSoul,450,710,10137
428319,326,DarkSoul,453,712,10137
418125,326,DarkSoul,443,696,10137
430141,326,DarkSoul,445,693,10137
432051,326,DarkSoul,445,699,10137
410137,326,DarkSoul,456,700,10137
411103,326,DarkSoul,463,695,10137
412805,326,DarkSoul,461,699,10137
429838,326,DarkSoul,464,698,10137
432993,326,DarkSoul,460,701,10137
434068,326,DarkSoul,453,696,10137
434788,326,DarkSoul,452,703,10137
436598,326,DarkSoul,465,696,10137
436928,326,DarkSoul,463,701,10137
436874,326,DarkSoul,455,696,10137
410706,326,DarkSoul,468,701,10137
416790,326,DarkSoul,456,701,10137
417898,326,DarkSoul,465,701,10137
416797,326,DarkSoul,449,701,10137
423734,326,DarkSoul,457,673,10137
425608,326,DarkSoul,490,671,10137
418423,326,DarkSoul,482,681,10137
443619,326,DarkSoul,501,651,10137
436468,326,DarkSoul,498,652,10137
409501,326,DarkSoul,498,648,10137
412474,326,DarkSoul,505,650,10137
404103,326,DarkSoul,491,647,10137
421843,326,DarkSoul,522,649,10137
401254,326,DarkSoul,508,651,10137
435372,326,DarkSoul,507,701,10137
438047,326,DarkSoul,511,699,10137
438403,326,DarkSoul,507,701,10137
411870,326,DarkSoul,509,693,10137
417527,326,DarkSoul,509,699,10137
418771,326,DarkSoul,509,692,10137
412226,326,DarkSoul,512,701,10137
412373,326,DarkSoul,505,694,10137
438894,326,DarkSoul,506,696,10137
423480,326,DarkSoul,503,692,10137
401224,326,DarkSoul,520,675,10137
405573,326,DarkSoul,496,645,10137
416644,326,DarkSoul,503,644,10137
418746,326,DarkSoul,516,634,10137
419991,326,DarkSoul,515,638,10137
420047,326,DarkSoul,515,636,10137
401248,326,DarkSoul,514,645,10137
409530,326,DarkSoul,520,639,10137
411059,326,DarkSoul,512,646,10137
402351,326,DarkSoul,509,648,10137
405329,326,DarkSoul,517,632,10137
412358,326,DarkSoul,498,644,10137
410965,326,DarkSoul,494,645,10137
402551,326,DarkSoul,501,638,10137
403374,326,DarkSoul,501,638,10137
441336,326,DarkSoul,493,647,10137
429795,326,DarkSoul,505,641,10137
415452,326,DarkSoul,511,641,10137
401145,326,DarkSoul,509,642,10137
403126,326,DarkSoul,507,644,10137
405077,326,DarkSoul,511,638,10137
405616,326,DarkSoul,510,631,10137
409793,326,DarkSoul,507,634,10137
429612,326,DarkSoul,511,636,10137
423039,326,DarkSoul,506,632,10137
402328,326,DarkSoul,510,650,10137
402279,326,DarkSoul,507,630,10137
414407,326,DarkSoul,513,632,10137
412091,326,DarkSoul,508,633,10137
429170,326,DarkSoul,501,635,10137
421048,326,DarkSoul,492,625,10137
409739,326,DarkSoul,488,635,10137
420180,326,DarkSoul,490,633,10137
405656,326,DarkSoul,498,623,10137
409493,326,DarkSoul,495,625,10137
410285,326,DarkSoul,505,628,10137
410986,326,DarkSoul,496,623,10137
401454,326,DarkSoul,502,630,10137
420557,326,DarkSoul,500,623,10137
411048,326,DarkSoul,514,625,10137
429550,326,DarkSoul,519,630,10137
412386,326,DarkSoul,509,635,10137
414461,326,DarkSoul,507,630,10137
444486,326,DarkSoul,478,604,10137
402555,326,DarkSoul,490,578,10137
402068,326,DarkSoul,508,577,10137
409725,326,DarkSoul,508,583,10137
420949,326,DarkSoul,506,576,10137
401293,326,DarkSoul,529,604,10137
406725,326,DarkSoul,482,574,10137
400992,326,DarkSoul,485,576,10137
445119,326,DarkSoul,460,583,10137
414441,326,DarkSoul,494,579,10137
420760,326,DarkSoul,501,579,10137
417232,326,DarkSoul,502,581,10137
417736,326,DarkSoul,497,578,10137
417467,326,DarkSoul,503,578,10137
429507,326,DarkSoul,499,578,10137
430519,326,DarkSoul,488,573,10137
401244,326,DarkSoul,484,571,10137
446730,326,DarkSoul,482,565,10137
411511,326,DarkSoul,433,549,10137
436962,326,DarkSoul,434,552,10137
427861,326,DarkSoul,436,550,10137
429010,326,DarkSoul,442,554,10137
401032,326,DarkSoul,435,548,10137
430489,326,DarkSoul,435,545,10137
448460,326,DarkSoul,431,541,10137
429648,326,DarkSoul,433,546,10137
448324,326,DarkSoul,433,543,10137
448350,326,DarkSoul,448,545,10137
411097,326,DarkSoul,444,548,10137
442431,326,DarkSoul,442,547,10137
404164,326,DarkSoul,443,543,10137
448743,326,DarkSoul,438,547,10137
437608,326,DarkSoul,438,550,10137
448778,326,DarkSoul,443,541,10137
407382,326,DarkSoul,440,552,10137
407626,326,DarkSoul,440,540,10137
416468,326,DarkSoul,443,545,10137
420775,326,DarkSoul,444,551,10137
415420,326,DarkSoul,446,542,10137
411618,326,DarkSoul,439,542,10137
411340,326,DarkSoul,444,540,10137
444183,326,DarkSoul,455,550,10137
448756,326,DarkSoul,456,541,10137
448946,326,DarkSoul,457,544,10137
410920,326,DarkSoul,451,545,10137
443394,326,DarkSoul,453,548,10137
411804,326,DarkSoul,450,541,10137
425934,326,DarkSoul,412,526,10137
412773,326,DarkSoul,443,533,10137
441419,326,DarkSoul,440,531,10137
403763,326,DarkSoul,437,530,10137
448093,326,DarkSoul,445,532,10137
411942,326,DarkSoul,440,536,10137
445097,326,DarkSoul,448,532,10137
448905,326,DarkSoul,435,534,10137
410739,326,DarkSoul,439,533,10137
403499,326,DarkSoul,432,532,10137
416608,326,DarkSoul,432,530,10137
447064,326,DarkSoul,432,534,10137
400958,326,DarkSoul,440,526,10137
404214,326,DarkSoul,440,529,10137
410428,326,DarkSoul,443,527,10137
429583,326,DarkSoul,437,527,10137
412867,326,DarkSoul,433,527,10137
411952,326,DarkSoul,435,528,10137
427127,326,DarkSoul,447,528,10137
401439,326,DarkSoul,434,525,10137
412347,326,DarkSoul,432,525,10137
428482,326,DarkSoul,385,490,10137
418690,326,DarkSoul,384,494,10137
411566,326,DarkSoul,382,493,10137
421577,326,DarkSoul,374,494,10137
422726,326,DarkSoul,370,497,10137
433013,326,DarkSoul,369,500,10137
435401,326,DarkSoul,365,492,10137
418740,326,DarkSoul,367,497,10137
442685,326,DarkSoul,370,494,10137
411467,326,DarkSoul,373,502,10137
418465,326,DarkSoul,363,496,10137
419093,326,DarkSoul,371,490,10137
404243,326,DarkSoul,370,489,10137
417955,326,DarkSoul,377,491,10137
412279,326,DarkSoul,370,486,10137
416604,326,DarkSoul,358,498,10137
421232,326,DarkSoul,375,486,10137
418467,326,DarkSoul,378,488,10137
425638,326,DarkSoul,381,488,10137
411834,326,DarkSoul,378,504,10137
423591,326,DarkSoul,368,504,10137
418585,326,DarkSoul,365,487,10137
423264,326,DarkSoul,362,489,10137
432504,326,DarkSoul,368,502,10137
427841,326,DarkSoul,365,503,10137
418122,326,DarkSoul,368,482,10137
401013,326,DarkSoul,370,483,10137
443626,326,DarkSoul,363,484,10137
436639,326,DarkSoul,368,480,10137
429822,326,DarkSoul,374,483,10137
417193,326,DarkSoul,367,485,10137
421340,326,DarkSoul,377,485,10137
411235,326,DarkSoul,379,484,10137
420038,326,DarkSoul,361,507,10137
420018,326,DarkSoul,362,505,10137
439980,326,DarkSoul,358,505,10137
422743,326,DarkSoul,358,502,10137
401123,326,DarkSoul,358,496,10137
419124,326,DarkSoul,352,493,10137
435404,326,DarkSoul,357,487,10137
443842,326,DarkSoul,358,491,10137
409682,326,DarkSoul,359,494,10137
423163,326,DarkSoul,359,486,10137
433917,326,DarkSoul,356,480,10137
425504,326,DarkSoul,357,484,10137
411514,326,DarkSoul,355,485,10137
416683,326,DarkSoul,363,499,10137
418834,326,DarkSoul,361,502,10137
423472,326,DarkSoul,361,500,10137
443851,362,NightSpecter,331,456,10137
411373,362,NightSpecter,325,456,10137
445205,362,NightSpecter,326,445,10137
442506,362,NightSpecter,311,452,10137
421295,362,NightSpecter,314,452,10137
409620,362,NightSpecter,319,449,10137
442556,362,NightSpecter,313,455,10137
418615,362,NightSpecter,337,456,10137
428182,362,NightSpecter,318,440,10137
410221,362,NightSpecter,310,435,10137
406899,362,NightSpecter,319,437,10137
442392,362,NightSpecter,308,437,10137
410123,362,NightSpecter,318,445,10137
448772,362,NightSpecter,315,444,10137
408592,362,NightSpecter,313,441,10137
442511,362,NightSpecter,313,443,10137
442610,362,NightSpecter,309,448,10137
408625,362,NightSpecter,316,441,10137
439046,362,NightSpecter,318,447,10137
403700,362,NightSpecter,322,444,10137
444210,362,NightSpecter,311,441,10137
410403,362,NightSpecter,313,437,10137
427611,362,NightSpecter,315,447,10137
428910,362,NightSpecter,315,439,10137
448661,362,NightSpecter,308,439,10137
443101,362,NightSpecter,321,441,10137
442739,362,NightSpecter,329,458,10137
424687,362,NightSpecter,326,437,10137
403899,362,NightSpecter,336,442,10137
448205,362,NightSpecter,332,444,10137
436107,362,NightSpecter,326,442,10137
424502,362,NightSpecter,324,444,10137
430518,362,NightSpecter,330,451,10137
441672,362,NightSpecter,332,449,10137
410586,362,NightSpecter,314,434,10137
442627,362,NightSpecter,324,431,10137
401486,362,NightSpecter,319,435,10137
444010,362,NightSpecter,323,436,10137
410998,362,NightSpecter,324,433,10137
442298,362,NightSpecter,321,429,10137
441585,362,NightSpecter,326,428,10137
431426,362,NightSpecter,332,428,10137
442538,362,NightSpecter,328,427,10137
448271,362,NightSpecter,333,440,10137
444660,362,NightSpecter,330,435,10137
421722,362,NightSpecter,327,430,10137
411416,362,NightSpecter,327,434,10137
418642,362,NightSpecter,329,432,10137
406660,362,NightSpecter,332,430,10137
446014,362,NightSpecter,370,414,10137
407245,362,NightSpecter,368,421,10137
405172,362,NightSpecter,366,428,10137
404299,362,NightSpecter,369,419,10137
431944,362,NightSpecter,371,421,10137
420309,362,NightSpecter,363,426,10137
403486,362,NightSpecter,368,432,10137
441729,362,NightSpecter,368,428,10137
413340,362,NightSpecter,371,418,10137
408497,362,NightSpecter,373,425,10137
407496,362,NightSpecter,375,424,10137
423473,362,NightSpecter,374,422,10137
404230,362,NightSpecter,373,416,10137
438304,362,NightSpecter,369,416,10137
407581,362,NightSpecter,371,423,10137
413095,362,NightSpecter,372,427,10137
413366,362,NightSpecter,366,434,10137
417901,362,NightSpecter,375,419,10137
406343,362,NightSpecter,373,420,10137
425682,362,NightSpecter,377,425,10137
407062,362,NightSpecter,371,429,10137
401541,362,NightSpecter,381,425,10137
432858,362,NightSpecter,379,425,10137
417237,362,NightSpecter,384,429,10137
404306,362,NightSpecter,378,422,10137
407260,362,NightSpecter,382,416,10137
418147,362,NightSpecter,376,416,10137
408685,362,NightSpecter,377,420,10137
410988,362,NightSpecter,379,439,10137
401841,362,NightSpecter,374,428,10137
413373,362,NightSpecter,385,427,10137
418887,362,NightSpecter,380,420,10137
404081,362,NightSpecter,389,416,10137
420867,362,NightSpecter,382,432,10137
414452,362,NightSpecter,371,408,10137
431429,362,NightSpecter,370,411,10137
416676,362,NightSpecter,369,408,10137
420107,362,NightSpecter,373,409,10137
421933,362,NightSpecter,368,410,10137
434564,362,NightSpecter,365,409,10137
417807,362,NightSpecter,368,413,10137
414343,362,NightSpecter,375,408,10137
447826,362,NightSpecter,366,412,10137
448832,362,NightSpecter,374,411,10137
405027,362,NightSpecter,377,410,10137
412475,362,NightSpecter,372,413,10137
447177,362,NightSpecter,379,408,10137
440828,362,NightSpecter,381,410,10137
407715,362,NightSpecter,378,413,10137
406048,362,NightSpecter,348,383,10137
419203,208,InfernalGeneral,410,375,10137
426083,208,InfernalGeneral,410,363,10137
446643,208,InfernalGeneral,409,372,10137
419893,208,InfernalGeneral,406,374,10137
410710,208,InfernalGeneral,410,377,10137
436058,208,InfernalGeneral,410,366,10137
421354,208,InfernalGeneral,411,368,10137
404146,208,InfernalGeneral,412,371,10137
421138,208,InfernalGeneral,420,365,10137
429673,208,InfernalGeneral,421,368,10137
438133,208,InfernalGeneral,419,367,10137
405773,208,InfernalGeneral,417,367,10137
431948,208,InfernalGeneral,419,360,10137
435608,208,InfernalGeneral,420,373,10137
401578,208,InfernalGeneral,428,372,10137
435668,208,InfernalGeneral,423,374,10137
401100,208,InfernalGeneral,421,377,10137
432318,208,InfernalGeneral,415,362,10137
434018,208,InfernalGeneral,415,366,10137
430226,208,InfernalGeneral,429,368,10137
421881,208,InfernalGeneral,420,379,10137
421611,208,InfernalGeneral,419,376,10137
418772,208,InfernalGeneral,427,361,10137
420096,208,InfernalGeneral,428,376,10137
432580,208,InfernalGeneral,422,366,10137
433248,208,InfernalGeneral,424,367,10137
403776,208,InfernalGeneral,420,359,10137
447545,208,InfernalGeneral,424,375,10137
421940,208,InfernalGeneral,430,375,10137
420783,208,InfernalGeneral,429,370,10137
410406,208,InfernalGeneral,426,369,10137
408504,208,InfernalGeneral,424,358,10137
404301,208,InfernalGeneral,431,366,10137
429688,208,InfernalGeneral,431,378,10137
447967,208,InfernalGeneral,433,375,10137
417747,208,InfernalGeneral,433,360,10137
419147,208,InfernalGeneral,433,406,10137
430341,208,InfernalGeneral,418,355,10137
435678,208,InfernalGeneral,420,357,10137
446345,208,InfernalGeneral,415,356,10137
423356,208,InfernalGeneral,427,358,10137
445346,208,InfernalGeneral,422,356,10137
403740,208,InfernalGeneral,430,356,10137
405858,208,InfernalGeneral,415,353,10137
434868,208,InfernalGeneral,412,355,10137
401131,208,InfernalGeneral,421,351,10137
423839,208,InfernalGeneral,427,354,10137
403967,208,InfernalGeneral,411,357,10137
406801,208,InfernalGeneral,409,357,10137
402165,208,InfernalGeneral,408,359,10137
434934,208,InfernalGeneral,460,352,10137
421157,208,InfernalGeneral,474,410,10137
446457,208,InfernalGeneral,485,432,10137
437394,208,InfernalGeneral,497,440,10137
442337,208,InfernalGeneral,489,437,10137
400177,208,InfernalGeneral,498,443,10137
442424,208,InfernalGeneral,488,435,10137
403952,208,InfernalGeneral,493,435,10137
437553,208,InfernalGeneral,488,433,10137
417403,208,InfernalGeneral,493,441,10137
411060,208,InfernalGeneral,489,439,10137
406989,208,InfernalGeneral,487,440,10137
423825,208,InfernalGeneral,491,443,10137
421869,208,InfernalGeneral,489,441,10137
436256,208,InfernalGeneral,486,442,10137
420859,208,InfernalGeneral,487,447,10137
442484,208,InfernalGeneral,489,445,10137
441148,208,InfernalGeneral,492,445,10137
445985,208,InfernalGeneral,491,449,10137
447795,208,InfernalGeneral,490,454,10137
411091,208,InfernalGeneral,497,454,10137
445101,208,InfernalGeneral,491,451,10137
402452,208,InfernalGeneral,501,454,10137
438426,208,InfernalGeneral,488,449,10137
430112,208,InfernalGeneral,506,455,10137
417570,208,InfernalGeneral,499,449,10137
431793,208,InfernalGeneral,497,451,10137
439125,208,InfernalGeneral,494,457,10137
406591,208,InfernalGeneral,492,456,10137
437920,208,InfernalGeneral,496,457,10137
434827,208,InfernalGeneral,487,461,10137
420961,208,InfernalGeneral,487,458,10137
404678,208,InfernalGeneral,500,456,10137
445769,208,InfernalGeneral,492,462,10137
421422,208,InfernalGeneral,500,458,10137
410182,208,InfernalGeneral,493,459,10137
429700,208,InfernalGeneral,501,461,10137
444621,208,InfernalGeneral,510,447,10137
401418,208,InfernalGeneral,507,439,10137
404342,208,InfernalGeneral,512,444,10137
404137,208,InfernalGeneral,507,435,10137
416679,208,InfernalGeneral,504,438,10137
409491,208,InfernalGeneral,507,448,10137
432418,208,InfernalGeneral,504,449,10137
421151,208,InfernalGeneral,507,457,10137
408565,208,InfernalGeneral,505,453,10137
423338,208,InfernalGeneral,504,462,10137
403371,208,InfernalGeneral,504,451,10137
423245,208,InfernalGeneral,504,460,10137
435613,326,DarkSoul,510,485,10137
429936,326,DarkSoul,504,485,10137
411591,326,DarkSoul,512,484,10137
427761,208,InfernalGeneral,514,447,10137
412321,208,InfernalGeneral,514,452,10137
403184,208,InfernalGeneral,543,484,10137
405489,326,DarkSoul,506,491,10137
434143,326,DarkSoul,517,486,10137
430544,326,DarkSoul,511,488,10137
418138,326,DarkSoul,516,491,10137
443170,326,DarkSoul,504,487,10137
432750,326,DarkSoul,509,492,10137
442496,326,DarkSoul,515,500,10137
409564,326,DarkSoul,509,495,10137
422332,326,DarkSoul,511,496,10137
422424,326,DarkSoul,515,497,10137
423782,326,DarkSoul,517,493,10137
444235,326,DarkSoul,507,494,10137
412201,326,DarkSoul,504,494,10137
407367,326,DarkSoul,505,499,10137
422357,326,DarkSoul,504,497,10137
411481,326,DarkSoul,518,509,10137
412393,326,DarkSoul,510,505,10137
416553,326,DarkSoul,507,505,10137
422057,326,DarkSoul,514,505,10137
411807,326,DarkSoul,516,504,10137
411052,326,DarkSoul,507,502,10137
410815,326,DarkSoul,516,503,10137
430590,326,DarkSoul,527,514,10137
417106,326,DarkSoul,527,517,10137
418085,326,DarkSoul,531,515,10137
417841,326,DarkSoul,525,517,10137
418950,326,DarkSoul,535,521,10137
421532,326,DarkSoul,522,515,10137
434296,326,DarkSoul,522,517,10137
442282,326,DarkSoul,518,514,10137
420299,326,DarkSoul,509,511,10137
424721,326,DarkSoul,504,511,10137
423922,326,DarkSoul,541,519,10137
428946,326,DarkSoul,543,518,10137
429626,326,DarkSoul,540,515,10137
427365,326,DarkSoul,543,516,10137
428170,326,DarkSoul,529,526,10137
441097,326,DarkSoul,527,525,10137
421547,326,DarkSoul,526,528,10137
423600,326,DarkSoul,530,523,10137
418421,326,DarkSoul,518,533,10137
416655,326,DarkSoul,538,529,10137
410768,326,DarkSoul,522,528,10137
403028,326,DarkSoul,539,522,10137
404952,326,DarkSoul,522,523,10137
407186,326,DarkSoul,516,523,10137
429453,326,DarkSoul,518,528,10137
429502,326,DarkSoul,543,526,10137
434700,326,DarkSoul,544,537,10137
410622,326,DarkSoul,536,530,10137
421801,326,DarkSoul,527,531,10137
429512,326,DarkSoul,525,532,10137
429625,326,DarkSoul,534,532,10137
414374,326,DarkSoul,532,542,10137
426188,326,DarkSoul,536,542,10137
407485,326,DarkSoul,535,540,10137
424776,326,DarkSoul,539,541,10137
417984,326,DarkSoul,518,540,10137
403458,326,DarkSoul,516,535,10137
428606,326,DarkSoul,520,535,10137
421158,326,DarkSoul,533,539,10137
420697,326,DarkSoul,538,537,10137
421331,326,DarkSoul,530,533,10137
418379,326,DarkSoul,531,535,10137
433081,326,DarkSoul,535,534,10137
440804,326,DarkSoul,529,536,10137
427820,326,DarkSoul,527,539,10137
427351,326,DarkSoul,537,534,10137
429556,326,DarkSoul,532,544,10137
413214,326,DarkSoul,525,544,10137
429665,326,DarkSoul,518,544,10137
427750,326,DarkSoul,542,543,10137
422089,326,DarkSoul,546,543,10137
444668,326,DarkSoul,498,508,10137
441625,326,DarkSoul,503,505,10137
416898,326,DarkSoul,490,557,10137
405477,326,DarkSoul,486,557,10137
441156,326,DarkSoul,490,513,10137
409778,326,DarkSoul,493,510,10137
410808,326,DarkSoul,496,508,10137
447835,326,DarkSoul,489,560,10137
447046,326,DarkSoul,493,558,10137
414368,326,DarkSoul,481,559,10137
414464,326,DarkSoul,479,556,10137
429112,326,DarkSoul,479,556,10137
420804,326,DarkSoul,504,560,10137
446650,326,DarkSoul,506,558,10137
418088,326,DarkSoul,494,560,10137
446766,326,DarkSoul,495,568,10137
415428,326,DarkSoul,489,562,10137
446970,326,DarkSoul,495,564,10137
401562,326,DarkSoul,501,569,10137
417112,326,DarkSoul,490,565,10137
416498,326,DarkSoul,502,564,10137
412364,326,DarkSoul,497,565,10137
408519,326,DarkSoul,499,563,10137
448338,326,DarkSoul,491,568,10137
406196,326,DarkSoul,502,561,10137
411388,326,DarkSoul,487,568,10137
406314,326,DarkSoul,486,563,10137
420802,326,DarkSoul,510,566,10137
416589,326,DarkSoul,507,566,10137
445472,326,DarkSoul,505,564,10137
429469,326,DarkSoul,504,566,10137
408720,326,DarkSoul,503,570,10137
448761,326,DarkSoul,495,575,10137
411375,326,DarkSoul,493,574,10137
448921,326,DarkSoul,490,575,10137
448852,326,DarkSoul,502,576,10137
410145,326,DarkSoul,492,576,10137
401656,326,DarkSoul,433,601,10137
422545,326,DarkSoul,513,690,10137
439157,326,DarkSoul,514,693,10137
421662,326,DarkSoul,413,661,10137
433351,326,DarkSoul,351,647,10137
423331,362,NightSpecter,299,556,10137
422672,362,NightSpecter,306,534,10137
439940,362,NightSpecter,257,563,10137
407373,362,NightSpecter,235,548,10137
435237,362,NightSpecter,221,524,10137
424656,362,NightSpecter,198,496,10137
424695,362,NightSpecter,185,493,10137
403836,362,NightSpecter,188,495,10137
448608,362,NightSpecter,184,491,10137
423027,362,NightSpecter,182,490,10137
433976,362,NightSpecter,183,493,10137
410818,362,NightSpecter,181,493,10137
405530,362,NightSpecter,188,492,10137
407467,362,NightSpecter,191,484,10137
434347,362,NightSpecter,180,490,10137
425784,362,NightSpecter,197,489,10137
422538,362,NightSpecter,192,496,10137
403587,362,NightSpecter,194,486,10137
424831,362,NightSpecter,200,495,10137
402921,362,NightSpecter,199,493,10137
409723,362,NightSpecter,198,483,10137
448684,362,NightSpecter,227,489,10137
438012,362,NightSpecter,178,488,10137
404557,362,NightSpecter,171,486,10137
410659,362,NightSpecter,177,476,10137
406015,362,NightSpecter,179,484,10137
425824,362,NightSpecter,175,481,10137
429347,362,NightSpecter,191,481,10137
407055,362,NightSpecter,186,481,10137
437528,362,NightSpecter,178,474,10137
414301,362,NightSpecter,182,473,10137
416511,362,NightSpecter,195,482,10137
405609,362,NightSpecter,187,475,10137
439574,362,NightSpecter,180,479,10137
411197,362,NightSpecter,183,475,10137
410702,362,NightSpecter,194,484,10137
412862,362,NightSpecter,185,485,10137
437465,362,NightSpecter,182,477,10137
421958,362,NightSpecter,183,481,10137
421982,362,NightSpecter,183,483,10137
422667,362,NightSpecter,184,473,10137
425596,362,NightSpecter,199,481,10137
402771,362,NightSpecter,182,487,10137
430532,362,NightSpecter,182,496,10137
405187,362,NightSpecter,173,490,10137
439416,362,NightSpecter,172,492,10137
407023,362,NightSpecter,172,494,10137
411986,362,NightSpecter,174,478,10137
411133,362,NightSpecter,172,479,10137
414444,362,NightSpecter,194,475,10137
407720,362,NightSpecter,193,480,10137
413290,362,NightSpecter,196,479,10137
407499,362,NightSpecter,200,479,10137
418282,900,Guard1,146,463,10137
418281,900,Guard1,138,470,10137
429098,362,NightSpecter,196,477,10137
418384,362,NightSpecter,180,443,10137
403896,362,NightSpecter,201,474,10137
431837,362,NightSpecter,194,428,10137
404117,362,NightSpecter,204,421,10137
411982,362,NightSpecter,210,426,10137
411413,362,NightSpecter,211,428,10137
426518,362,NightSpecter,198,424,10137
428322,362,NightSpecter,204,418,10137
426610,362,NightSpecter,195,412,10137
442401,362,NightSpecter,193,411,10137
427620,362,NightSpecter,205,410,10137
446768,362,NightSpecter,211,413,10137
430803,362,NightSpecter,210,411,10137
423292,362,NightSpecter,214,413,10137
412660,362,NightSpecter,206,412,10137
410550,362,NightSpecter,209,422,10137
410968,362,NightSpecter,206,420,10137
412065,362,NightSpecter,206,414,10137
404036,362,NightSpecter,211,420,10137
412925,362,NightSpecter,205,423,10137
437442,362,NightSpecter,214,423,10137
411867,362,NightSpecter,203,416,10137
412902,362,NightSpecter,194,416,10137
410464,362,NightSpecter,197,422,10137
443519,362,NightSpecter,194,414,10137
426649,362,NightSpecter,195,421,10137
406909,362,NightSpecter,197,417,10137
424795,362,NightSpecter,196,405,10137
431754,362,NightSpecter,194,406,10137
429096,362,NightSpecter,193,402,10137
423332,362,NightSpecter,197,403,10137
403270,362,NightSpecter,214,401,10137
443956,362,NightSpecter,210,406,10137
436505,362,NightSpecter,213,405,10137
423391,362,NightSpecter,199,401,10137
449030,362,NightSpecter,200,407,10137
404328,362,NightSpecter,210,404,10137
402381,362,NightSpecter,202,402,10137
417532,362,NightSpecter,215,403,10137
400710,362,NightSpecter,216,400,10137
406816,362,NightSpecter,216,413,10137
412375,362,NightSpecter,216,408,10137
437539,362,NightSpecter,218,400,10137
427359,362,NightSpecter,219,406,10137
423283,362,NightSpecter,217,405,10137
426648,362,NightSpecter,219,414,10137
430473,362,NightSpecter,219,414,10137
429448,362,NightSpecter,218,422,10137
411403,362,NightSpecter,217,424,10137
422408,362,NightSpecter,219,419,10137
400880,362,NightSpecter,218,426,10137
412822,362,NightSpecter,221,449,10137
422006,362,NightSpecter,248,440,10137
430763,362,NightSpecter,246,436,10137
431272,362,NightSpecter,246,438,10137
432466,362,NightSpecter,241,437,10137
432855,362,NightSpecter,241,437,10137
434236,362,NightSpecter,250,436,10137
432145,362,NightSpecter,245,434,10137
403539,362,NightSpecter,244,445,10137
417810,362,NightSpecter,247,442,10137
435729,362,NightSpecter,250,440,10137
405782,362,NightSpecter,243,448,10137
435522,362,NightSpecter,245,449,10137
421717,362,NightSpecter,241,448,10137
423346,362,NightSpecter,247,449,10137
423576,362,NightSpecter,250,446,10137
428540,362,NightSpecter,248,446,10137
427184,362,NightSpecter,244,451,10137
430835,362,NightSpecter,250,450,10137
421962,362,NightSpecter,246,453,10137
430703,362,NightSpecter,248,454,10137
439042,362,NightSpecter,244,457,10137
411000,362,NightSpecter,239,456,10137
423606,362,NightSpecter,242,456,10137
431735,362,NightSpecter,245,459,10137
426666,362,NightSpecter,251,459,10137
430443,362,NightSpecter,252,445,10137
436518,362,NightSpecter,253,462,10137
434946,362,NightSpecter,263,457,10137
425101,362,NightSpecter,255,455,10137
431661,362,NightSpecter,264,459,10137
414460,362,NightSpecter,264,455,10137
433455,362,NightSpecter,255,437,10137
435672,362,NightSpecter,255,446,10137
429077,362,NightSpecter,254,449,10137
423016,362,NightSpecter,255,433,10137
427635,362,NightSpecter,254,435,10137
430482,362,NightSpecter,260,450,10137
438732,362,NightSpecter,262,449,10137
447062,362,NightSpecter,269,447,10137
435255,362,NightSpecter,262,446,10137
429503,362,NightSpecter,266,445,10137
435066,362,NightSpecter,258,445,10137
434293,362,NightSpecter,260,445,10137
423677,362,NightSpecter,265,443,10137
430692,362,NightSpecter,267,438,10137
434021,362,NightSpecter,256,442,10137
431384,362,NightSpecter,260,437,10137
423255,362,NightSpecter,258,437,10137
431835,362,NightSpecter,259,439,10137
401127,362,NightSpecter,247,493,10137
