422640,131,SandMonster,529,707,1000
422638,131,SandMonster,525,710,1000
422652,131,SandMonster,566,669,1000
417368,131,SandMonster,571,709,1000
422645,131,SandMonster,564,710,1000
422643,131,SandMonster,552,714,1000
422644,131,SandMonster,532,713,1000
422637,131,SandMonster,525,725,1000
422646,131,SandMonster,557,725,1000
422639,131,SandMonster,503,707,1000
422642,131,SandMonster,528,731,1000
422641,131,SandMonster,540,730,1000
416270,131,SandMonster,552,753,1000
422611,131,SandMonster,546,758,1000
422609,131,SandMonster,552,759,1000
422612,131,SandMonster,557,769,1000
416274,131,SandMonster,532,761,1000
416271,131,SandMonster,561,754,1000
424269,131,SandMonster,565,745,1000
422610,131,SandMonster,550,784,1000
431689,171,SandMonsterAide,567,752,1000
416272,131,SandMonster,589,759,1000
416865,131,SandMonster,575,755,1000
418569,131,SandMonster,583,765,1000
417374,131,SandMonster,578,745,1000
416275,131,SandMonster,595,746,1000
422606,131,SandMonster,603,738,1000
416273,131,SandMonster,596,761,1000
418593,131,SandMonster,590,741,1000
422860,131,SandMonster,622,751,1000
415428,531,SandMonsterL68,645,733,1000
419745,131,SandMonster,631,724,1000
422878,131,SandMonster,641,737,1000
421948,131,SandMonster,631,740,1000
422608,131,SandMonster,603,731,1000
417362,131,SandMonster,620,731,1000
418572,131,SandMonster,639,729,1000
418586,131,SandMonster,645,722,1000
417361,131,SandMonster,640,705,1000
422636,131,SandMonster,642,716,1000
422862,131,SandMonster,636,709,1000
420808,131,SandMonster,640,742,1000
416864,131,SandMonster,593,736,1000
422607,131,SandMonster,594,727,1000
416513,531,SandMonsterL68,580,726,1000
418583,131,SandMonster,579,733,1000
422859,131,SandMonster,583,733,1000
444684,171,SandMonsterMsgr,586,726,1000
416510,531,SandMonsterL68,586,705,1000
422605,131,SandMonster,583,717,1000
421930,131,SandMonster,576,736,1000
421941,131,SandMonster,565,733,1000
422647,131,SandMonster,564,722,1000
422648,131,SandMonster,563,721,1000
416512,531,SandMonsterL68,591,700,1000
419730,131,SandMonster,574,685,1000
420813,131,SandMonster,572,681,1000
418575,131,SandMonster,585,672,1000
417370,131,SandMonster,576,690,1000
422649,131,SandMonster,580,665,1000
422651,131,SandMonster,584,653,1000
444657,171,SandMonsterKing,584,694,1000
421937,131,SandMonster,584,687,1000
422650,131,SandMonster,566,661,1000
420805,131,SandMonster,576,662,1000
420796,131,SandMonster,600,648,1000
416514,531,SandMonsterL68,601,687,1000
421952,131,SandMonster,608,685,1000
418587,131,SandMonster,610,652,1000
422875,131,SandMonster,614,654,1000
422876,131,SandMonster,618,658,1000
416515,531,SandMonsterL68,614,665,1000
421938,131,SandMonster,619,684,1000
423265,131,SandMonster,630,705,1000
425379,131,SandMonster,635,690,1000
421945,131,SandMonster,651,713,1000
417359,131,SandMonster,652,727,1000
421953,131,SandMonster,651,736,1000
422633,131,SandMonster,654,721,1000
416961,531,SandMonsterL68,659,711,1000
422635,131,SandMonster,655,716,1000
422634,131,SandMonster,655,736,1000
418590,131,SandMonster,657,750,1000
416520,531,SandMonsterL68,659,754,1000
418574,131,SandMonster,663,752,1000
421944,131,SandMonster,663,761,1000
415439,531,SandMonsterL68,666,729,1000
422864,131,SandMonster,670,753,1000
417351,131,SandMonster,678,742,1000
444374,171,SandMonsterMsgr,675,765,1000
424264,131,SandMonster,688,739,1000
416262,131,SandMonster,685,754,1000
419736,131,SandMonster,690,761,1000
422867,131,SandMonster,699,732,1000
419744,131,SandMonster,699,737,1000
443586,531,SandMonsterL68,703,721,1000
416523,531,SandMonsterL68,703,749,1000
416264,131,SandMonster,697,741,1000
416265,131,SandMonster,693,738,1000
422874,131,SandMonster,708,736,1000
416263,131,SandMonster,704,742,1000
424262,131,SandMonster,710,755,1000
441236,171,SandMonsterAide,713,739,1000
431377,171,SandMonsterMsgr,715,755,1000
417354,131,SandMonster,709,760,1000
421940,131,SandMonster,705,759,1000
420797,131,SandMonster,719,755,1000
415675,531,SandMonsterL68,727,774,1000
415432,531,SandMonsterL68,714,796,1000
415437,531,SandMonsterL68,739,783,1000
415431,531,SandMonsterL68,736,754,1000
422877,131,SandMonster,737,749,1000
422861,131,SandMonster,725,726,1000
419733,131,SandMonster,723,731,1000
418579,131,SandMonster,694,710,1000
421935,131,SandMonster,701,714,1000
421954,131,SandMonster,687,715,1000
423702,131,SandMonster,691,703,1000
415438,531,SandMonsterL68,716,717,1000
423272,131,SandMonster,703,718,1000
425375,131,SandMonster,707,717,1000
418576,131,SandMonster,737,717,1000
420809,131,SandMonster,723,719,1000
415426,531,SandMonsterL68,670,711,1000
423268,131,SandMonster,679,710,1000
424266,131,SandMonster,675,709,1000
423266,131,SandMonster,714,711,1000
418571,131,SandMonster,674,713,1000
423276,131,SandMonster,666,714,1000
424417,131,SandMonster,664,708,1000
422869,131,SandMonster,651,701,1000
700016,61004,ShadowClone,563,646,1000
418592,131,SandMonster,563,641,1000
420812,131,SandMonster,583,648,1000
421942,131,SandMonster,592,630,1000
416511,531,SandMonsterL68,612,642,1000
417364,131,SandMonster,612,631,1000
406495,171,SandMonsterAide,613,647,1000
419727,131,SandMonster,624,667,1000
417357,131,SandMonster,628,641,1000
419747,131,SandMonster,621,630,1000
416521,531,SandMonsterL68,630,645,1000
424277,131,SandMonster,631,637,1000
425377,131,SandMonster,632,662,1000
422883,131,SandMonster,644,674,1000
421951,131,SandMonster,623,649,1000
420807,131,SandMonster,637,632,1000
423279,131,SandMonster,640,642,1000
424420,131,SandMonster,638,664,1000
425383,131,SandMonster,640,658,1000
419746,131,SandMonster,645,679,1000
425363,131,SandMonster,656,640,1000
420804,131,SandMonster,652,654,1000
424265,131,SandMonster,656,661,1000
418589,131,SandMonster,654,648,1000
419732,131,SandMonster,648,648,1000
419724,131,SandMonster,651,670,1000
419742,131,SandMonster,655,674,1000
421932,131,SandMonster,657,685,1000
422863,131,SandMonster,676,684,1000
422865,131,SandMonster,668,689,1000
419725,131,SandMonster,661,675,1000
420811,131,SandMonster,661,667,1000
424270,131,SandMonster,665,667,1000
422872,131,SandMonster,677,662,1000
423243,131,SandMonster,670,654,1000
423246,131,SandMonster,676,657,1000
424274,131,SandMonster,673,662,1000
415425,531,SandMonsterL68,670,666,1000
416524,531,SandMonsterL68,677,689,1000
421950,131,SandMonster,688,659,1000
424411,131,SandMonster,695,665,1000
442152,171,SandMonsterAide,685,663,1000
415427,531,SandMonsterL68,687,668,1000
420810,131,SandMonster,691,666,1000
420817,131,SandMonster,689,683,1000
424263,131,SandMonster,685,678,1000
421943,131,SandMonster,688,701,1000
417363,131,SandMonster,700,676,1000
420795,131,SandMonster,696,669,1000
425378,131,SandMonster,708,694,1000
415436,531,SandMonsterL68,718,670,1000
420814,131,SandMonster,712,673,1000
419741,131,SandMonster,710,690,1000
421947,131,SandMonster,721,666,1000
424426,131,SandMonster,731,697,1000
420802,131,SandMonster,722,709,1000
420806,131,SandMonster,731,705,1000
420800,131,SandMonster,739,687,1000
422871,131,SandMonster,742,698,1000
415678,531,SandMonsterL68,751,719,1000
423280,131,SandMonster,741,710,1000
424276,131,SandMonster,740,718,1000
415677,531,SandMonsterL68,763,695,1000
422629,131,SandMonster,766,702,1000
422632,131,SandMonster,766,710,1000
425380,131,SandMonster,756,703,1000
416261,131,SandMonster,773,732,1000
416259,131,SandMonster,761,739,1000
416258,131,SandMonster,772,719,1000
416260,131,SandMonster,767,743,1000
422630,131,SandMonster,785,713,1000
423269,131,SandMonster,787,717,1000
422631,131,SandMonster,780,723,1000
415435,531,SandMonsterL68,785,742,1000
415676,531,SandMonsterL68,804,736,1000
416255,131,SandMonster,808,738,1000
416254,131,SandMonster,813,703,1000
416253,131,SandMonster,808,727,1000
416256,131,SandMonster,825,734,1000
416857,131,SandMonster,825,730,1000
416859,131,SandMonster,821,728,1000
416257,131,SandMonster,826,748,1000
416856,131,SandMonster,835,714,1000
416861,131,SandMonster,828,743,1000
416862,131,SandMonster,835,743,1000
416860,131,SandMonster,826,725,1000
416863,131,SandMonster,841,737,1000
422601,131,SandMonster,857,725,1000
422603,131,SandMonster,858,721,1000
422604,131,SandMonster,864,726,1000
422602,131,SandMonster,866,730,1000
416854,131,SandMonster,838,685,1000
422625,131,SandMonster,810,687,1000
422627,131,SandMonster,810,686,1000
424425,131,SandMonster,777,686,1000
422628,131,SandMonster,785,672,1000
423274,131,SandMonster,780,673,1000
425382,131,SandMonster,780,670,1000
416855,131,SandMonster,807,681,1000
422626,131,SandMonster,791,676,1000
423270,131,SandMonster,745,668,1000
424427,131,SandMonster,749,681,1000
415434,531,SandMonsterL68,725,660,1000
419728,131,SandMonster,724,654,1000
421933,131,SandMonster,736,648,1000
432715,171,SandMonsterMsgr,735,656,1000
417360,131,SandMonster,714,654,1000
423232,131,SandMonster,755,662,1000
418584,131,SandMonster,706,651,1000
417350,131,SandMonster,682,641,1000
423260,131,SandMonster,679,632,1000
424428,131,SandMonster,680,645,1000
423277,131,SandMonster,688,644,1000
420815,131,SandMonster,709,646,1000
424416,131,SandMonster,663,643,1000
419726,131,SandMonster,666,632,1000
423241,131,SandMonster,696,643,1000
418580,131,SandMonster,660,635,1000
417366,131,SandMonster,698,638,1000
418581,131,SandMonster,578,621,1000
421936,131,SandMonster,594,624,1000
422600,131,SandMonster,914,712,1000
422598,131,SandMonster,919,709,1000
422599,131,SandMonster,912,721,1000
422595,131,SandMonster,901,687,1000
422597,131,SandMonster,921,698,1000
416246,131,SandMonster,895,677,1000
423202,131,SandMonster,945,677,1000
422596,131,SandMonster,937,663,1000
422594,131,SandMonster,922,643,1000
423203,131,SandMonster,918,644,1000
424372,131,SandMonster,936,637,1000
423204,131,SandMonster,912,634,1000
423205,131,SandMonster,912,647,1000
422593,131,SandMonster,905,631,1000
416852,131,SandMonster,893,663,1000
416853,131,SandMonster,883,648,1000
416244,131,SandMonster,879,632,1000
416247,131,SandMonster,875,683,1000
416245,131,SandMonster,873,646,1000
416850,131,SandMonster,869,662,1000
416851,131,SandMonster,860,673,1000
416849,131,SandMonster,860,655,1000
416251,131,SandMonster,846,664,1000
416248,131,SandMonster,845,672,1000
416858,131,SandMonster,843,680,1000
416250,131,SandMonster,839,672,1000
422621,131,SandMonster,829,648,1000
416243,131,SandMonster,865,645,1000
416252,131,SandMonster,824,679,1000
422622,131,SandMonster,823,653,1000
422623,131,SandMonster,828,630,1000
423252,131,SandMonster,819,658,1000
416249,131,SandMonster,820,665,1000
422624,131,SandMonster,836,626,1000
425368,131,SandMonster,859,628,1000
423259,131,SandMonster,802,660,1000
424430,131,SandMonster,795,661,1000
423255,131,SandMonster,783,653,1000
425376,131,SandMonster,782,643,1000
424432,131,SandMonster,795,634,1000
424433,131,SandMonster,750,643,1000
420818,131,SandMonster,742,652,1000
419729,131,SandMonster,722,640,1000
424394,131,SandMonster,743,643,1000
424398,131,SandMonster,738,643,1000
419737,131,SandMonster,723,635,1000
444413,131,SandMonster,723,629,1000
425365,131,SandMonster,749,628,1000
417352,131,SandMonster,737,617,1000
422658,131,SandMonster,721,618,1000
423261,131,SandMonster,733,624,1000
422866,131,SandMonster,741,618,1000
423254,131,SandMonster,753,625,1000
425371,131,SandMonster,747,618,1000
423239,131,SandMonster,760,621,1000
416518,531,SandMonsterL68,715,642,1000
424408,131,SandMonster,715,633,1000
415430,531,SandMonsterL68,715,616,1000
415429,531,SandMonsterL68,707,624,1000
424418,131,SandMonster,703,622,1000
419738,131,SandMonster,711,636,1000
418588,131,SandMonster,689,616,1000
423258,131,SandMonster,695,607,1000
424272,131,SandMonster,715,610,1000
417353,131,SandMonster,720,611,1000
444492,171,SandMonsterAide,682,596,1000
442556,171,SandMonsterKing,685,601,1000
416517,531,SandMonsterL68,702,605,1000
424436,131,SandMonster,706,605,1000
425370,131,SandMonster,715,603,1000
420803,131,SandMonster,665,613,1000
424390,131,SandMonster,664,627,1000
421939,131,SandMonster,666,599,1000
422882,131,SandMonster,670,628,1000
419734,131,SandMonster,663,617,1000
418582,131,SandMonster,659,625,1000
423264,131,SandMonster,652,625,1000
424271,131,SandMonster,655,616,1000
419739,131,SandMonster,658,605,1000
423262,131,SandMonster,656,610,1000
433509,171,SandMonsterKing,661,598,1000
424435,131,SandMonster,639,622,1000
420801,131,SandMonster,635,598,1000
424278,131,SandMonster,641,601,1000
423257,131,SandMonster,642,608,1000
424434,131,SandMonster,648,604,1000
424275,131,SandMonster,649,614,1000
424261,131,SandMonster,630,620,1000
423273,131,SandMonster,626,602,1000
417358,131,SandMonster,618,595,1000
419743,131,SandMonster,629,582,1000
418585,131,SandMonster,629,577,1000
433915,171,SandMonsterAide,663,592,1000
422873,131,SandMonster,631,601,1000
425373,131,SandMonster,630,607,1000
424423,131,SandMonster,637,609,1000
423275,131,SandMonster,621,608,1000
432679,171,SandMonsterKing,612,625,1000
422618,131,SandMonster,619,612,1000
417369,131,SandMonster,615,612,1000
416960,531,SandMonsterL68,609,583,1000
421934,131,SandMonster,609,579,1000
443950,171,SandMonsterMsgr,619,579,1000
422619,131,SandMonster,617,591,1000
422879,131,SandMonster,608,620,1000
421949,131,SandMonster,588,606,1000
416516,531,SandMonsterL68,583,596,1000
416519,531,SandMonsterL68,587,596,1000
421931,131,SandMonster,592,596,1000
440925,171,SandMonsterKing,598,616,1000
443689,171,SandMonsterKing,572,594,1000
416522,531,SandMonsterL68,573,611,1000
420816,131,SandMonster,572,581,1000
422870,131,SandMonster,576,580,1000
419740,131,SandMonster,577,591,1000
422881,131,SandMonster,607,592,1000
422617,131,SandMonster,601,592,1000
422880,131,SandMonster,580,601,1000
419735,131,SandMonster,568,614,1000
416959,531,SandMonsterL68,602,583,1000
422620,131,SandMonster,601,588,1000
418577,131,SandMonster,580,565,1000
424395,131,SandMonster,732,611,1000
424402,131,SandMonster,740,606,1000
424380,131,SandMonster,749,595,1000
425361,131,SandMonster,753,594,1000
423210,131,SandMonster,768,602,1000
424422,131,SandMonster,759,607,1000
424385,131,SandMonster,769,610,1000
424431,131,SandMonster,780,610,1000
424376,131,SandMonster,778,617,1000
422676,131,SandMonster,787,599,1000
422662,131,SandMonster,802,608,1000
424412,131,SandMonster,806,604,1000
425381,131,SandMonster,802,621,1000
423226,131,SandMonster,810,611,1000
423251,131,SandMonster,816,601,1000
424392,131,SandMonster,831,597,1000
423215,131,SandMonster,843,616,1000
424404,131,SandMonster,847,615,1000
422678,131,SandMonster,858,622,1000
422671,131,SandMonster,864,615,1000
423208,131,SandMonster,883,598,1000
424377,131,SandMonster,869,579,1000
423225,131,SandMonster,865,587,1000
423207,131,SandMonster,887,585,1000
422673,131,SandMonster,899,607,1000
423227,131,SandMonster,907,598,1000
423209,131,SandMonster,845,593,1000
424379,131,SandMonster,834,569,1000
424384,131,SandMonster,848,572,1000
422655,131,SandMonster,875,570,1000
422680,131,SandMonster,840,554,1000
423220,131,SandMonster,849,549,1000
423250,131,SandMonster,857,554,1000
422661,131,SandMonster,834,541,1000
423213,131,SandMonster,833,537,1000
423223,131,SandMonster,843,537,1000
424397,131,SandMonster,823,563,1000
422672,131,SandMonster,826,524,1000
424374,131,SandMonster,827,530,1000
422654,131,SandMonster,833,524,1000
423247,131,SandMonster,814,551,1000
423214,131,SandMonster,812,559,1000
422666,131,SandMonster,812,539,1000
423218,131,SandMonster,810,543,1000
425374,131,SandMonster,808,562,1000
423230,131,SandMonster,795,530,1000
422677,131,SandMonster,803,549,1000
423240,131,SandMonster,803,505,1000
424386,131,SandMonster,803,517,1000
424396,131,SandMonster,807,513,1000
425362,131,SandMonster,801,511,1000
423222,131,SandMonster,794,515,1000
422668,131,SandMonster,814,516,1000
423217,131,SandMonster,806,499,1000
424424,131,SandMonster,790,528,1000
422614,131,SandMonster,786,502,1000
422615,131,SandMonster,783,488,1000
422616,131,SandMonster,788,489,1000
424382,131,SandMonster,779,478,1000
423229,131,SandMonster,776,506,1000
424383,131,SandMonster,766,477,1000
423211,131,SandMonster,770,470,1000
422613,131,SandMonster,765,494,1000
424388,131,SandMonster,764,484,1000
423219,131,SandMonster,746,490,1000
423228,131,SandMonster,744,469,1000
424378,131,SandMonster,748,451,1000
423224,131,SandMonster,735,475,1000
444638,105,HillMonster,724,441,1000
422665,131,SandMonster,745,444,1000
422667,131,SandMonster,743,448,1000
423231,131,SandMonster,727,483,1000
424365,105,HillMonster,722,434,1000
422656,131,SandMonster,717,479,1000
423248,131,SandMonster,737,494,1000
424387,131,SandMonster,706,496,1000
424393,131,SandMonster,710,493,1000
424389,131,SandMonster,703,488,1000
425369,131,SandMonster,755,507,1000
424375,131,SandMonster,724,513,1000
424407,131,SandMonster,730,507,1000
422659,131,SandMonster,764,515,1000
422670,131,SandMonster,740,525,1000
424410,131,SandMonster,750,519,1000
423267,131,SandMonster,780,533,1000
423271,131,SandMonster,770,544,1000
424409,131,SandMonster,776,543,1000
423245,131,SandMonster,761,536,1000
424406,131,SandMonster,774,553,1000
425364,131,SandMonster,783,567,1000
422657,131,SandMonster,797,576,1000
424381,131,SandMonster,806,579,1000
423242,131,SandMonster,781,578,1000
422675,131,SandMonster,817,585,1000
424373,131,SandMonster,826,585,1000
432427,131,SandMonster,845,562,1000
423221,131,SandMonster,768,570,1000
424415,131,SandMonster,772,569,1000
422669,131,SandMonster,767,587,1000
423238,131,SandMonster,766,579,1000
419723,131,SandMonster,744,571,1000
422679,131,SandMonster,735,574,1000
422660,131,SandMonster,727,525,1000
423244,131,SandMonster,737,532,1000
424405,131,SandMonster,731,556,1000
424414,131,SandMonster,728,521,1000
422653,131,SandMonster,722,556,1000
424413,131,SandMonster,718,530,1000
423253,131,SandMonster,709,508,1000
423206,131,SandMonster,712,500,1000
424403,131,SandMonster,711,522,1000
423278,131,SandMonster,705,539,1000
422548,105,HillMonster,693,489,1000
423152,105,HillMonster,698,514,1000
423249,131,SandMonster,696,517,1000
423178,105,HillMonster,694,514,1000
423235,131,SandMonster,696,504,1000
423234,131,SandMonster,696,486,1000
422540,105,HillMonster,689,484,1000
423165,105,HillMonster,694,473,1000
425367,131,SandMonster,688,476,1000
423155,105,HillMonster,686,498,1000
423233,131,SandMonster,683,501,1000
423171,105,HillMonster,679,483,1000
423170,105,HillMonster,683,466,1000
423192,105,HillMonster,686,454,1000
424355,105,HillMonster,690,454,1000
424399,131,SandMonster,683,524,1000
422674,131,SandMonster,711,541,1000
422663,131,SandMonster,717,544,1000
423236,131,SandMonster,691,548,1000
424421,131,SandMonster,688,542,1000
418570,131,SandMonster,716,557,1000
424267,131,SandMonster,734,564,1000
420798,131,SandMonster,731,575,1000
421946,131,SandMonster,725,574,1000
423711,171,SandMonsterAide,725,570,1000
444606,171,SandMonsterAide,720,573,1000
417367,131,SandMonster,741,586,1000
423212,131,SandMonster,737,589,1000
424401,131,SandMonster,741,591,1000
424273,131,SandMonster,735,592,1000
420794,131,SandMonster,688,557,1000
436188,131,SandMonster,711,515,1000
423256,131,SandMonster,675,538,1000
431008,131,SandMonster,677,547,1000
419731,131,SandMonster,685,564,1000
425384,131,SandMonster,695,563,1000
443087,171,SandMonsterMsgr,685,567,1000
416962,531,SandMonsterL68,679,564,1000
418591,131,SandMonster,676,562,1000
424391,131,SandMonster,671,564,1000
425366,131,SandMonster,673,568,1000
425372,131,SandMonster,716,590,1000
417365,131,SandMonster,690,575,1000
418578,131,SandMonster,698,575,1000
406991,131,SandMonster,695,574,1000
417372,131,SandMonster,704,579,1000
423263,131,SandMonster,719,587,1000
425360,131,SandMonster,708,581,1000
424419,131,SandMonster,707,595,1000
423237,131,SandMonster,698,589,1000
417371,131,SandMonster,729,594,1000
420799,131,SandMonster,704,588,1000
417355,131,SandMonster,649,575,1000
424268,131,SandMonster,641,570,1000
444787,171,SandMonsterAide,651,581,1000
417356,131,SandMonster,653,592,1000
424429,131,SandMonster,656,584,1000
417373,131,SandMonster,646,585,1000
422591,105,HillMonster,578,554,1000
422590,105,HillMonster,593,553,1000
422868,131,SandMonster,610,570,1000
436338,105,HillMonster,582,560,1000
418187,105,HillMonster,590,554,1000
424346,105,HillMonster,569,519,1000
415442,505,HillMonsterL73,554,504,1000
423167,105,HillMonster,538,517,1000
422521,105,HillMonster,537,501,1000
422542,105,HillMonster,542,499,1000
422545,105,HillMonster,549,497,1000
415688,505,HillMonsterL73,567,502,1000
422532,105,HillMonster,575,501,1000
415681,505,HillMonsterL73,547,512,1000
423140,105,HillMonster,547,515,1000
416815,505,HillMonsterL73,527,514,1000
422531,105,HillMonster,529,506,1000
422547,105,HillMonster,532,490,1000
420355,105,HillMonster,514,506,1000
423815,105,HillMonster,514,487,1000
422525,105,HillMonster,522,491,1000
423814,105,HillMonster,503,510,1000
423139,105,HillMonster,492,493,1000
423813,105,HillMonster,500,493,1000
423816,105,HillMonster,491,490,1000
422527,105,HillMonster,496,497,1000
422528,105,HillMonster,506,483,1000
422550,105,HillMonster,519,481,1000
423143,105,HillMonster,525,483,1000
416202,105,HillMonster,478,479,1000
423809,105,HillMonster,455,474,1000
416201,105,HillMonster,472,483,1000
416204,105,HillMonster,469,475,1000
423812,105,HillMonster,453,481,1000
423811,105,HillMonster,450,459,1000
416203,105,HillMonster,489,460,1000
423810,105,HillMonster,447,474,1000
415455,505,RockMonsterL78,443,434,1000
416197,105,HillMonster,448,434,1000
423805,105,HillMonster,442,442,1000
423807,105,HillMonster,442,438,1000
415692,505,RockMonsterL78,439,476,1000
407691,200,BladeGhost,422,444,1000
423808,105,HillMonster,426,439,1000
406780,200,BladeGhost,418,455,1000
415693,505,RockMonsterL78,411,456,1000
408703,200,BladeGhost,415,449,1000
416200,105,HillMonster,448,422,1000
422517,105,HillMonster,492,450,1000
416818,505,HillMonsterL73,511,441,1000
416819,505,HillMonsterL73,506,461,1000
417343,105,HillMonster,513,470,1000
422526,105,HillMonster,520,476,1000
423153,105,HillMonster,512,478,1000
418546,105,HillMonster,525,464,1000
422514,105,HillMonster,525,467,1000
420779,105,HillMonster,522,471,1000
416501,505,HillMonsterL73,516,458,1000
422537,105,HillMonster,518,461,1000
422554,105,HillMonster,517,451,1000
415683,505,HillMonsterL73,530,462,1000
415684,505,HillMonsterL73,531,457,1000
418554,105,HillMonster,528,461,1000
423141,105,HillMonster,528,457,1000
424329,105,HillMonster,537,450,1000
423142,105,HillMonster,534,456,1000
421915,105,HillMonster,545,456,1000
444359,145,HillMonsterMsgr,548,461,1000
418553,105,HillMonster,547,457,1000
422520,105,HillMonster,558,472,1000
416816,505,HillMonsterL73,573,480,1000
419715,105,HillMonster,571,471,1000
422539,105,HillMonster,563,480,1000
422515,105,HillMonster,580,488,1000
422581,105,HillMonster,582,488,1000
424357,105,HillMonster,588,476,1000
416940,505,HillMonsterL73,586,466,1000
419720,105,HillMonster,578,467,1000
419712,105,HillMonster,570,468,1000
415449,505,HillMonsterL73,574,461,1000
419722,105,HillMonster,575,457,1000
420782,105,HillMonster,570,450,1000
423183,105,HillMonster,574,459,1000
420785,105,HillMonster,572,452,1000
444766,145,HillMonsterAide,567,458,1000
415680,505,HillMonsterL73,577,459,1000
417342,105,HillMonster,593,458,1000
422508,105,HillMonster,578,453,1000
444372,105,HillMonster,578,455,1000
420787,105,HillMonster,583,462,1000
423191,105,HillMonster,602,460,1000
423166,105,HillMonster,596,457,1000
423144,105,HillMonster,557,435,1000
415441,505,HillMonsterL73,566,440,1000
417336,105,HillMonster,570,448,1000
421919,105,HillMonster,560,447,1000
424342,105,HillMonster,561,436,1000
425354,105,HillMonster,566,435,1000
420792,105,HillMonster,560,449,1000
416942,505,HillMonsterL73,567,446,1000
417325,105,HillMonster,566,449,1000
421914,105,HillMonster,592,448,1000
421925,105,HillMonster,583,448,1000
420776,105,HillMonster,588,455,1000
423187,105,HillMonster,567,455,1000
415686,505,HillMonsterL73,547,443,1000
416500,505,HillMonsterL73,545,437,1000
423156,105,HillMonster,545,442,1000
424358,105,HillMonster,550,436,1000
415682,505,HillMonsterL73,569,446,1000
443978,145,HillMonsterMsgr,571,439,1000
415444,505,HillMonsterL73,579,440,1000
424353,105,HillMonster,585,444,1000
422556,105,HillMonster,583,443,1000
420774,105,HillMonster,583,441,1000
430397,105,HillMonster,579,442,1000
420793,105,HillMonster,530,433,1000
431653,145,HillMonsterAide,535,446,1000
415447,505,HillMonsterL73,538,421,1000
420791,105,HillMonster,535,422,1000
423146,105,HillMonster,535,425,1000
418369,105,HillMonster,530,426,1000
422478,105,HillMonster,540,420,1000
422498,105,HillMonster,548,428,1000
423157,105,HillMonster,543,429,1000
424350,105,HillMonster,555,426,1000
424462,105,HillMonster,546,427,1000
415448,505,HillMonsterL73,570,429,1000
416948,505,HillMonsterL73,566,428,1000
417337,105,HillMonster,558,426,1000
420786,105,HillMonster,572,428,1000
418555,105,HillMonster,511,422,1000
422522,105,HillMonster,520,424,1000
416817,505,HillMonsterL73,522,414,1000
421921,105,HillMonster,526,422,1000
422551,105,HillMonster,524,414,1000
424325,105,HillMonster,529,424,1000
415445,505,HillMonsterL73,552,422,1000
421926,105,HillMonster,529,448,1000
422529,105,HillMonster,533,437,1000
423172,105,HillMonster,531,442,1000
415443,505,HillMonsterL73,513,428,1000
415689,505,HillMonsterL73,508,416,1000
416089,105,HillMonster,508,414,1000
422499,105,HillMonster,508,418,1000
442985,145,HillMonsterKing,506,418,1000
418550,105,HillMonster,531,408,1000
415687,505,HillMonsterL73,541,412,1000
418556,105,HillMonster,547,410,1000
422575,105,HillMonster,542,408,1000
424195,145,HillMonsterMsgr,549,412,1000
415440,505,HillMonsterL73,557,416,1000
416090,105,HillMonster,487,401,1000
422486,105,HillMonster,500,410,1000
422524,105,HillMonster,502,410,1000
416951,505,HillMonsterL73,506,407,1000
421928,105,HillMonster,504,407,1000
422476,105,HillMonster,527,402,1000
424323,105,HillMonster,535,404,1000
423431,105,HillMonster,505,427,1000
416091,105,HillMonster,485,404,1000
416092,105,HillMonster,487,398,1000
422512,105,HillMonster,494,409,1000
430556,145,HillMonsterKing,521,399,1000
422484,105,HillMonster,474,404,1000
416199,105,HillMonster,463,420,1000
416198,105,HillMonster,464,409,1000
422497,105,HillMonster,473,392,1000
423137,105,HillMonster,442,424,1000
423806,105,HillMonster,441,422,1000
422492,105,HillMonster,436,383,1000
407678,105,RockMonster,431,392,1000
407681,105,RockMonster,438,407,1000
415460,505,RockMonsterL78,432,404,1000
407680,105,RockMonster,427,407,1000
407677,105,RockMonster,423,381,1000
408700,105,RockMonster,423,377,1000
406764,105,RockMonster,437,377,1000
406743,105,RockMonster,425,367,1000
407666,105,RockMonster,423,353,1000
422501,105,HillMonster,451,357,1000
423129,105,HillMonster,436,365,1000
423134,105,HillMonster,442,363,1000
422473,105,HillMonster,478,359,1000
423130,105,HillMonster,475,346,1000
422472,105,HillMonster,487,362,1000
422510,105,HillMonster,487,370,1000
422474,105,HillMonster,482,379,1000
422516,105,HillMonster,502,372,1000
422495,105,HillMonster,498,387,1000
422496,105,HillMonster,495,378,1000
422471,105,HillMonster,506,368,1000
423145,105,HillMonster,515,377,1000
422488,105,HillMonster,506,387,1000
424333,105,HillMonster,510,381,1000
416947,505,HillMonsterL73,530,367,1000
420781,105,HillMonster,530,400,1000
422494,105,HillMonster,519,381,1000
418664,505,HillMonsterL73,537,394,1000
423163,105,HillMonster,535,400,1000
419719,105,HillMonster,542,385,1000
422505,105,HillMonster,545,389,1000
423184,105,HillMonster,543,388,1000
420105,105,HillMonster,546,394,1000
422475,105,HillMonster,544,402,1000
423136,105,HillMonster,548,401,1000
418548,105,HillMonster,551,404,1000
421911,105,HillMonster,554,396,1000
422477,105,HillMonster,551,396,1000
444614,105,HillMonster,557,406,1000
444604,105,HillMonster,557,404,1000
421927,105,HillMonster,559,410,1000
418552,105,HillMonster,568,406,1000
418563,105,HillMonster,568,400,1000
422511,105,HillMonster,568,411,1000
422523,105,HillMonster,561,396,1000
423147,105,HillMonster,566,409,1000
423148,105,HillMonster,566,403,1000
415446,505,HillMonsterL73,561,415,1000
418565,105,HillMonster,566,418,1000
419716,105,HillMonster,567,425,1000
419718,105,HillMonster,569,424,1000
422549,105,HillMonster,575,421,1000
441078,105,HillMonster,571,421,1000
418562,105,HillMonster,578,429,1000
415685,505,HillMonsterL73,583,417,1000
416493,505,HillMonsterL73,585,417,1000
422530,105,HillMonster,586,423,1000
424347,105,HillMonster,583,435,1000
419810,105,HillMonster,602,445,1000
436959,105,HillMonster,642,447,1000
420778,105,HillMonster,632,435,1000
423164,105,HillMonster,638,414,1000
424328,105,HillMonster,628,432,1000
425349,105,HillMonster,605,425,1000
419710,105,HillMonster,628,422,1000
416497,505,HillMonsterL73,634,423,1000
421913,105,HillMonster,646,416,1000
424338,105,HillMonster,623,418,1000
420784,105,HillMonster,631,419,1000
422580,105,HillMonster,654,415,1000
435461,145,HillMonsterAide,654,427,1000
424326,105,HillMonster,653,447,1000
417332,105,HillMonster,635,415,1000
424369,105,HillMonster,664,423,1000
419801,505,HillMonsterL73,641,410,1000
424344,105,HillMonster,668,407,1000
424354,105,HillMonster,666,399,1000
422536,105,HillMonster,666,397,1000
421929,105,HillMonster,673,408,1000
422538,105,HillMonster,670,412,1000
424339,105,HillMonster,673,427,1000
423188,105,HillMonster,674,424,1000
422544,105,HillMonster,673,437,1000
423198,105,HillMonster,666,433,1000
423195,105,HillMonster,661,408,1000
424335,105,HillMonster,680,431,1000
422576,105,HillMonster,680,442,1000
416946,505,HillMonsterL73,662,405,1000
425358,105,HillMonster,661,402,1000
424368,105,HillMonster,685,432,1000
422565,105,HillMonster,684,396,1000
423160,105,HillMonster,692,406,1000
423194,105,HillMonster,692,409,1000
424337,105,HillMonster,676,395,1000
424324,105,HillMonster,695,403,1000
422552,105,HillMonster,664,391,1000
424336,105,HillMonster,700,422,1000
405736,105,HillMonster,702,420,1000
425350,105,HillMonster,705,411,1000
422664,131,SandMonster,714,422,1000
423216,131,SandMonster,713,427,1000
422561,105,HillMonster,697,435,1000
423177,105,HillMonster,729,427,1000
422559,105,HillMonster,658,382,1000
416502,505,HillMonsterL73,654,367,1000
424360,105,HillMonster,665,369,1000
424367,105,HillMonster,664,371,1000
425359,105,HillMonster,663,366,1000
416488,505,HillMonsterL73,646,364,1000
417330,105,HillMonster,631,364,1000
424332,105,HillMonster,632,362,1000
418560,105,HillMonster,643,352,1000
421916,105,HillMonster,643,359,1000
419705,105,HillMonster,652,354,1000
416494,505,HillMonsterL73,640,349,1000
416939,505,HillMonsterL73,635,387,1000
419714,105,HillMonster,637,372,1000
419717,105,HillMonster,665,356,1000
423161,105,HillMonster,627,375,1000
438458,145,HillMonsterMsgr,628,364,1000
422569,105,HillMonster,626,344,1000
416492,505,HillMonsterL73,644,338,1000
420783,105,HillMonster,643,333,1000
431946,105,HillMonster,640,339,1000
418551,105,HillMonster,617,361,1000
423159,105,HillMonster,625,362,1000
424340,105,HillMonster,617,373,1000
422579,105,HillMonster,625,347,1000
423175,105,HillMonster,624,356,1000
424364,105,HillMonster,625,352,1000
431823,145,HillMonsterMsgr,621,346,1000
405674,105,HillMonster,635,328,1000
444209,145,HillMonsterAide,614,350,1000
424351,105,HillMonster,608,343,1000
422564,105,HillMonster,607,347,1000
425352,105,HillMonster,611,340,1000
416943,505,HillMonsterL73,601,348,1000
424361,105,HillMonster,602,357,1000
416489,505,HillMonsterL73,596,353,1000
417339,105,HillMonster,597,333,1000
423162,105,HillMonster,596,338,1000
423185,105,HillMonster,576,351,1000
443895,145,HillMonsterKing,580,349,1000
421912,105,HillMonster,589,340,1000
417328,105,HillMonster,582,364,1000
422566,105,HillMonster,585,371,1000
423842,105,HillMonster,581,353,1000
423843,105,HillMonster,581,355,1000
423149,105,HillMonster,596,361,1000
416498,505,HillMonsterL73,581,346,1000
419703,105,HillMonster,579,333,1000
423154,105,HillMonster,614,362,1000
424331,105,HillMonster,615,364,1000
418557,105,HillMonster,576,374,1000
418561,105,HillMonster,575,369,1000
422534,105,HillMonster,560,372,1000
422570,105,HillMonster,566,372,1000
424371,105,HillMonster,559,369,1000
419677,105,HillMonster,559,375,1000
420777,105,HillMonster,575,354,1000
420789,105,HillMonster,573,356,1000
422571,105,HillMonster,574,339,1000
425351,105,HillMonster,576,341,1000
422568,105,HillMonster,608,369,1000
422533,105,HillMonster,564,361,1000
430882,105,HillMonster,571,368,1000
422573,105,HillMonster,567,346,1000
423844,105,HillMonster,569,351,1000
416490,505,HillMonsterL73,604,376,1000
419709,105,HillMonster,582,378,1000
423190,105,HillMonster,615,368,1000
421920,105,HillMonster,607,380,1000
417341,105,HillMonster,605,383,1000
416949,505,HillMonsterL73,579,386,1000
422509,105,HillMonster,584,381,1000
422563,105,HillMonster,593,386,1000
417335,105,HillMonster,624,388,1000
424334,105,HillMonster,593,389,1000
421923,105,HillMonster,578,395,1000
416499,505,HillMonsterL73,626,395,1000
423193,105,HillMonster,626,392,1000
420780,105,HillMonster,622,393,1000
416941,505,HillMonsterL73,617,396,1000
424366,105,HillMonster,599,392,1000
417327,105,HillMonster,634,383,1000
422562,105,HillMonster,633,388,1000
418283,105,HillMonster,634,401,1000
423901,145,HillMonsterAide,639,406,1000
422481,105,HillMonster,688,439,1000
422572,105,HillMonster,686,447,1000
422479,105,HillMonster,696,443,1000
422567,105,HillMonster,699,437,1000
422480,105,HillMonster,700,439,1000
424359,105,HillMonster,702,448,1000
422482,105,HillMonster,705,453,1000
416944,505,HillMonsterL73,605,406,1000
419708,105,HillMonster,604,410,1000
420790,105,HillMonster,597,408,1000
423196,105,HillMonster,604,404,1000
422513,105,HillMonster,585,403,1000
423150,105,HillMonster,585,401,1000
424341,105,HillMonster,587,404,1000
424356,105,HillMonster,594,414,1000
418549,105,HillMonster,587,411,1000
423182,105,HillMonster,577,411,1000
419707,105,HillMonster,572,410,1000
417334,105,HillMonster,560,384,1000
418564,105,HillMonster,562,385,1000
420775,105,HillMonster,562,382,1000
422518,105,HillMonster,566,381,1000
423169,105,HillMonster,565,379,1000
423189,105,HillMonster,574,395,1000
424330,105,HillMonster,567,393,1000
422546,105,HillMonster,561,376,1000
442732,145,HillMonsterAide,559,391,1000
416937,505,HillMonsterL73,552,381,1000
419711,105,HillMonster,551,385,1000
444718,145,HillMonsterMsgr,554,381,1000
416495,505,HillMonsterL73,555,361,1000
419704,105,HillMonster,540,358,1000
430071,105,HillMonster,549,359,1000
423841,105,HillMonster,562,358,1000
416496,505,HillMonsterL73,561,342,1000
423197,105,HillMonster,560,361,1000
423131,105,HillMonster,542,357,1000
422519,105,HillMonster,549,384,1000
418558,105,HillMonster,550,367,1000
419721,105,HillMonster,547,370,1000
422500,105,HillMonster,549,374,1000
421918,105,HillMonster,547,376,1000
417329,105,HillMonster,547,349,1000
421917,105,HillMonster,543,352,1000
444345,145,HillMonsterKing,541,351,1000
418670,105,HillMonster,548,342,1000
416950,505,HillMonsterL73,531,368,1000
422502,105,HillMonster,535,363,1000
422555,105,HillMonster,537,370,1000
421924,105,HillMonster,538,359,1000
418559,105,HillMonster,534,337,1000
422485,105,HillMonster,532,334,1000
422557,105,HillMonster,534,325,1000
423837,105,HillMonster,532,341,1000
423180,105,HillMonster,543,341,1000
423832,105,HillMonster,545,338,1000
423838,105,HillMonster,554,340,1000
417331,105,HillMonster,519,336,1000
422507,105,HillMonster,505,335,1000
422489,105,HillMonster,528,334,1000
419706,105,HillMonster,545,336,1000
422578,105,HillMonster,543,331,1000
423179,105,HillMonster,553,336,1000
423840,105,HillMonster,550,333,1000
431643,105,HillMonster,541,334,1000
425353,105,HillMonster,555,329,1000
423834,105,HillMonster,505,325,1000
423835,105,HillMonster,507,322,1000
423138,105,HillMonster,538,317,1000
423829,105,HillMonster,527,321,1000
423830,105,HillMonster,529,320,1000
423839,105,HillMonster,527,321,1000
423831,105,HillMonster,546,322,1000
417340,105,HillMonster,504,354,1000
422493,105,HillMonster,531,316,1000
422506,105,HillMonster,536,316,1000
422483,105,HillMonster,492,352,1000
422490,105,HillMonster,495,348,1000
423836,105,HillMonster,494,343,1000
422504,105,HillMonster,486,358,1000
423833,105,HillMonster,490,339,1000
423133,105,HillMonster,486,320,1000
422491,105,HillMonster,469,341,1000
423135,105,HillMonster,477,310,1000
423132,105,HillMonster,465,325,1000
422468,105,HillMonster,466,301,1000
422470,105,HillMonster,464,299,1000
423828,105,HillMonster,441,335,1000
423128,105,HillMonster,445,356,1000
407828,105,RockMonster,516,287,1000
407831,105,RockMonster,480,283,1000
407832,105,RockMonster,518,277,1000
423121,105,RockMonster,508,280,1000
422453,105,RockMonster,508,270,1000
407827,105,RockMonster,506,255,1000
408747,105,RockMonster,499,257,1000
408748,105,RockMonster,490,257,1000
407829,105,RockMonster,497,249,1000
407830,105,RockMonster,504,245,1000
408749,105,RockMonster,509,248,1000
409829,105,RockMonster,497,231,1000
413241,105,RockMonster,491,231,1000
424610,105,RockMonster,515,231,1000
423850,105,RockMonster,529,231,1000
424612,105,RockMonster,531,233,1000
423852,105,RockMonster,512,236,1000
407826,105,RockMonster,499,226,1000
408743,105,RockMonster,501,219,1000
408745,105,RockMonster,503,227,1000
423849,105,RockMonster,524,222,1000
423851,105,RockMonster,530,221,1000
423853,105,RockMonster,527,249,1000
413237,105,RockMonster,488,205,1000
422583,105,RockMonster,489,199,1000
424611,105,RockMonster,500,204,1000
409830,105,RockMonster,504,200,1000
423848,105,RockMonster,540,232,1000
416235,105,HillMonster,546,250,1000
416234,105,HillMonster,549,254,1000
422449,105,RockMonster,546,256,1000
423119,105,RockMonster,533,257,1000
416233,105,HillMonster,548,260,1000
416236,105,HillMonster,551,261,1000
422454,105,RockMonster,539,261,1000
422558,105,HillMonster,536,271,1000
423174,105,HillMonster,565,278,1000
422560,105,HillMonster,557,281,1000
424348,105,HillMonster,543,278,1000
422582,105,HillMonster,589,279,1000
425355,105,HillMonster,581,283,1000
422450,105,RockMonster,542,286,1000
422451,105,RockMonster,542,286,1000
425356,105,HillMonster,593,285,1000
423176,105,HillMonster,542,295,1000
420788,105,HillMonster,590,302,1000
425357,105,HillMonster,577,299,1000
424362,105,HillMonster,586,319,1000
416938,505,HillMonsterL73,593,433,1000
407692,200,BladeGhost,408,460,1000
406784,200,BladeGhost,413,467,1000
407688,200,BladeGhost,399,459,1000
406769,200,BladeGhost,390,429,1000
415457,505,RockMonsterL78,388,457,1000
407842,200,BladeGhost,381,414,1000
415461,505,RockMonsterL78,388,414,1000
406781,200,BladeGhost,372,456,1000
406772,200,BladeGhost,369,444,1000
406783,200,BladeGhost,373,449,1000
407843,200,BladeGhost,374,436,1000
407682,200,BladeGhost,375,423,1000
407684,200,BladeGhost,376,429,1000
408752,200,BladeGhost,374,416,1000
407693,200,BladeGhost,380,444,1000
406770,200,BladeGhost,358,426,1000
435452,105,StoneBandit,356,410,1000
406771,200,BladeGhost,361,404,1000
408750,200,BladeGhost,375,412,1000
408751,200,BladeGhost,379,411,1000
415454,505,RockMonsterL78,365,423,1000
407845,200,BladeGhost,357,399,1000
406767,200,BladeGhost,350,438,1000
407846,200,BladeGhost,350,425,1000
408705,200,BladeGhost,372,475,1000
408706,200,BladeGhost,400,485,1000
406779,200,BladeGhost,413,492,1000
406782,200,BladeGhost,383,491,1000
406787,200,BladeGhost,387,492,1000
408704,200,BladeGhost,401,497,1000
407690,200,BladeGhost,387,497,1000
407696,200,BladeGhost,388,516,1000
408710,200,BladeGhost,380,505,1000
407694,200,BladeGhost,378,508,1000
406785,200,BladeGhost,377,510,1000
406790,200,BladeGhost,374,490,1000
407689,200,BladeGhost,375,488,1000
408707,200,BladeGhost,377,486,1000
406786,200,BladeGhost,370,514,1000
407698,200,BladeGhost,359,485,1000
408709,200,BladeGhost,363,487,1000
407699,200,BladeGhost,365,535,1000
406789,200,BladeGhost,359,527,1000
407697,200,BladeGhost,346,535,1000
407703,200,BladeGhost,345,532,1000
407701,200,BladeGhost,347,554,1000
407695,200,BladeGhost,378,537,1000
407700,200,BladeGhost,341,550,1000
407705,200,BladeGhost,337,549,1000
408712,200,BladeGhost,339,548,1000
407704,200,BladeGhost,335,549,1000
406791,200,BladeGhost,329,524,1000
406793,200,BladeGhost,325,538,1000
406795,200,BladeGhost,324,534,1000
407702,200,BladeGhost,328,538,1000
408713,200,BladeGhost,334,532,1000
408714,200,BladeGhost,327,529,1000
406794,200,BladeGhost,305,529,1000
406773,200,BladeGhost,291,517,1000
408711,200,BladeGhost,311,534,1000
406792,200,BladeGhost,300,528,1000
406774,200,BladeGhost,284,495,1000
406777,200,BladeGhost,282,502,1000
406778,200,BladeGhost,292,501,1000
407685,200,BladeGhost,293,494,1000
407675,200,BladeGhost,268,505,1000
406760,200,BladeGhost,269,491,1000
406776,200,BladeGhost,274,491,1000
407686,200,BladeGhost,276,512,1000
406755,200,BladeGhost,263,493,1000
407673,200,BladeGhost,264,502,1000
407687,200,BladeGhost,263,490,1000
407674,200,BladeGhost,240,510,1000
406737,200,BladeGhost,238,484,1000
406775,200,BladeGhost,309,490,1000
406788,200,BladeGhost,330,483,1000
408708,200,BladeGhost,337,490,1000
407844,200,BladeGhost,362,417,1000
407679,105,RockMonster,399,408,1000
415690,505,RockMonsterL78,406,412,1000
406768,200,BladeGhost,369,405,1000
407671,200,BladeGhost,372,403,1000
407683,200,BladeGhost,373,400,1000
407841,200,BladeGhost,375,404,1000
416487,505,RockMonsterL78,377,400,1000
432776,145,RockMonsterMsgr,382,402,1000
406765,105,RockMonster,398,403,1000
406766,105,RockMonster,397,397,1000
408699,105,RockMonster,411,401,1000
408701,105,RockMonster,401,406,1000
406751,200,BladeGhost,342,395,1000
406752,200,BladeGhost,363,395,1000
407670,200,BladeGhost,364,391,1000
406749,200,BladeGhost,340,391,1000
443647,145,RockMonsterKing,344,401,1000
416470,505,RockMonsterL78,331,408,1000
443809,105,StoneBandit,338,398,1000
444373,145,RockMonsterAide,329,400,1000
406727,200,BladeGhost,320,404,1000
406724,200,BladeGhost,326,403,1000
406722,200,BladeGhost,300,399,1000
433810,145,RockMonsterMsgr,304,406,1000
406723,200,BladeGhost,309,410,1000
415453,505,RockMonsterL78,309,401,1000
438731,145,RockMonsterMsgr,293,403,1000
406757,200,BladeGhost,222,487,1000
406759,200,BladeGhost,233,502,1000
406758,200,BladeGhost,223,480,1000
406756,200,BladeGhost,222,504,1000
406735,200,BladeGhost,213,476,1000
406739,200,BladeGhost,214,476,1000
407663,200,BladeGhost,237,476,1000
406741,200,BladeGhost,197,471,1000
406705,200,BladeGhost,200,483,1000
407642,200,BladeGhost,203,470,1000
406740,200,BladeGhost,200,486,1000
406742,200,BladeGhost,202,491,1000
407640,200,BladeGhost,188,464,1000
407661,200,BladeGhost,225,461,1000
406707,200,BladeGhost,177,472,1000
406704,200,BladeGhost,175,453,1000
406706,200,BladeGhost,205,456,1000
406668,200,BladeGhost,164,435,1000
406709,200,BladeGhost,166,447,1000
406673,200,BladeGhost,192,448,1000
406708,200,BladeGhost,169,460,1000
407641,200,BladeGhost,169,450,1000
407616,200,BladeGhost,150,432,1000
416461,200,BladeGhostL83,130,417,1000
406635,200,BladeGhost,118,421,1000
406636,200,BladeGhost,107,401,1000
406637,200,BladeGhost,118,400,1000
406598,200,BladeGhost,93,367,1000
406599,200,BladeGhost,102,364,1000
406632,200,BladeGhost,156,394,1000
407600,200,BladeGhost,153,382,1000
406670,200,BladeGhost,152,410,1000
406672,200,BladeGhost,153,404,1000
407598,200,BladeGhost,146,406,1000
407617,200,BladeGhost,153,401,1000
407599,200,BladeGhost,158,383,1000
406629,200,BladeGhost,163,408,1000
406669,200,BladeGhost,166,420,1000
406633,200,BladeGhost,159,401,1000
407618,200,BladeGhost,176,404,1000
406671,200,BladeGhost,183,406,1000
416466,200,BladeGhostL83,185,399,1000
407614,200,BladeGhost,196,396,1000
441895,240,BladeGhostMsgr,208,397,1000
406701,200,BladeGhost,213,443,1000
406736,200,BladeGhost,227,442,1000
406698,200,BladeGhost,209,424,1000
406702,200,BladeGhost,215,415,1000
406703,200,BladeGhost,226,416,1000
407637,200,BladeGhost,224,426,1000
407638,200,BladeGhost,221,416,1000
406738,200,BladeGhost,238,447,1000
407662,200,BladeGhost,238,461,1000
406734,200,BladeGhost,256,452,1000
415695,505,RockMonsterL78,305,388,1000
407656,200,BladeGhost,308,383,1000
406725,200,BladeGhost,294,389,1000
407655,200,BladeGhost,310,391,1000
406731,200,BladeGhost,283,403,1000
407660,200,BladeGhost,284,409,1000
444418,105,StoneBandit,284,401,1000
407634,200,BladeGhost,279,378,1000
407632,200,BladeGhost,291,367,1000
407657,200,BladeGhost,290,377,1000
406726,200,BladeGhost,313,374,1000
416475,505,RockMonsterL78,276,399,1000
406695,200,BladeGhost,276,389,1000
407635,200,BladeGhost,274,394,1000
406730,200,BladeGhost,264,410,1000
443086,145,RockMonsterAide,268,394,1000
407636,200,BladeGhost,266,368,1000
407612,200,BladeGhost,270,362,1000
406692,200,BladeGhost,256,406,1000
406694,200,BladeGhost,253,398,1000
406700,200,BladeGhost,249,408,1000
406659,200,BladeGhost,238,368,1000
406665,200,BladeGhost,237,367,1000
406697,200,BladeGhost,251,367,1000
407611,200,BladeGhost,243,367,1000
406696,200,BladeGhost,252,361,1000
407639,200,BladeGhost,236,412,1000
406693,200,BladeGhost,245,391,1000
416463,200,BladeGhostL83,220,361,1000
406664,200,BladeGhost,212,391,1000
416464,200,BladeGhostL83,213,381,1000
416465,200,BladeGhostL83,207,390,1000
444129,240,BladeGhostAide,210,383,1000
406662,200,BladeGhost,214,367,1000
443342,240,BladeGhostMsgr,210,364,1000
407613,200,BladeGhost,219,371,1000
407615,200,BladeGhost,197,361,1000
406666,200,BladeGhost,200,374,1000
407595,200,BladeGhost,198,369,1000
431934,240,BladeGhostMsgr,203,387,1000
406663,200,BladeGhost,195,391,1000
406667,200,BladeGhost,191,390,1000
406634,200,BladeGhost,186,382,1000
406600,200,BladeGhost,98,364,1000
406559,200,BladeGhost,118,350,1000
406560,200,BladeGhost,120,346,1000
442592,240,BladeGhostAide,144,350,1000
406631,200,BladeGhost,145,360,1000
407578,200,BladeGhost,147,361,1000
406630,200,BladeGhost,160,368,1000
406594,200,BladeGhost,165,361,1000
406699,200,BladeGhost,246,422,1000
407659,200,BladeGhost,250,415,1000
406733,200,BladeGhost,253,420,1000
406690,200,BladeGhost,286,355,1000
407633,200,BladeGhost,301,354,1000
415463,505,RockMonsterL78,305,346,1000
431345,145,RockMonsterAide,307,355,1000
443811,105,StoneBandit,310,371,1000
406687,200,BladeGhost,324,350,1000
406721,105,RockMonster,331,352,1000
444415,105,StoneBandit,343,360,1000
406753,200,BladeGhost,348,363,1000
407676,105,RockMonster,417,398,1000
415451,505,RockMonsterL78,419,410,1000
422574,105,HillMonster,555,400,1000
423158,105,HillMonster,565,346,1000
407838,105,RockMonster,458,258,1000
407839,105,RockMonster,457,265,1000
412098,105,RockMonster,472,201,1000
409832,105,RockMonster,489,180,1000
423199,105,RockMonster,495,191,1000
414423,105,RockMonster,482,238,1000
414418,105,RockMonster,482,211,1000
422443,105,RockMonster,479,223,1000
414422,105,RockMonster,456,243,1000
422446,105,RockMonster,465,250,1000
414421,105,RockMonster,469,235,1000
413236,105,RockMonster,464,227,1000
414419,105,RockMonster,465,229,1000
412095,105,RockMonster,453,226,1000
422447,105,RockMonster,450,216,1000
422448,105,RockMonster,460,221,1000
423116,105,RockMonster,467,217,1000
408744,105,RockMonster,472,219,1000
423118,105,RockMonster,463,212,1000
413238,105,RockMonster,477,213,1000
413239,105,RockMonster,473,213,1000
408742,105,RockMonster,481,186,1000
410850,105,RockMonster,480,181,1000
423117,105,RockMonster,465,208,1000
407824,105,RockMonster,465,168,1000
422587,105,RockMonster,473,175,1000
422588,105,RockMonster,473,163,1000
407821,105,RockMonster,453,205,1000
412097,105,RockMonster,458,199,1000
422445,105,RockMonster,462,207,1000
414420,105,RockMonster,453,172,1000
412096,105,RockMonster,480,173,1000
422584,105,RockMonster,478,168,1000
422586,105,RockMonster,478,171,1000
407822,105,RockMonster,451,195,1000
422585,105,RockMonster,452,188,1000
412093,105,RockMonster,442,183,1000
412094,105,RockMonster,447,180,1000
424613,105,RockMonster,441,162,1000
423856,105,RockMonster,432,180,1000
424614,105,RockMonster,434,159,1000
423200,105,RockMonster,453,153,1000
423201,105,RockMonster,463,158,1000
410855,105,RockMonster,423,168,1000
423854,105,RockMonster,423,174,1000
423857,105,RockMonster,427,165,1000
406801,105,RockMonster,433,141,1000
407708,105,RockMonster,449,139,1000
406802,105,RockMonster,402,136,1000
416506,505,HillMonsterL73,397,137,1000
406800,105,RockMonster,414,138,1000
416954,505,HillMonsterL73,415,126,1000
407706,105,RockMonster,433,135,1000
407834,105,RockMonster,407,147,1000
423858,105,RockMonster,406,153,1000
416953,505,HillMonsterL73,399,121,1000
418282,505,HillMonsterL73,411,123,1000
407707,105,RockMonster,418,121,1000
406799,105,RockMonster,434,124,1000
422465,105,RockMonster,399,109,1000
406797,105,RockMonster,409,113,1000
422463,105,RockMonster,395,119,1000
416507,505,HillMonsterL73,391,96,1000
416509,505,HillMonsterL73,393,98,1000
406798,105,RockMonster,404,106,1000
422464,105,RockMonster,402,99,1000
423127,105,RockMonster,399,106,1000
416504,505,HillMonsterL73,420,110,1000
422461,105,RockMonster,401,96,1000
416957,505,HillMonsterL73,377,121,1000
422466,105,RockMonster,377,101,1000
423126,105,RockMonster,377,89,1000
406526,105,RockMonster,369,106,1000
423125,105,RockMonster,371,74,1000
416958,505,HillMonsterL73,358,100,1000
423122,105,RockMonster,354,65,1000
423123,105,RockMonster,354,58,1000
422456,105,RockMonster,364,62,1000
422459,105,RockMonster,373,67,1000
422462,105,RockMonster,380,71,1000
406523,105,RockMonster,353,102,1000
407538,105,RockMonster,345,83,1000
422458,105,RockMonster,370,60,1000
422455,105,RockMonster,335,41,1000
422457,105,RockMonster,340,37,1000
422460,105,RockMonster,336,42,1000
416505,505,HillMonsterL73,336,38,1000
423124,105,RockMonster,335,36,1000
405859,105,RockMonster,305,52,1000
406498,105,RockMonster,303,51,1000
406497,105,RockMonster,307,62,1000
405856,105,RockMonster,310,75,1000
406496,105,RockMonster,289,72,1000
407539,105,RockMonster,335,85,1000
406524,105,RockMonster,332,93,1000
416956,505,HillMonsterL73,321,91,1000
406525,105,RockMonster,352,112,1000
406528,105,RockMonster,332,112,1000
416952,505,HillMonsterL73,339,118,1000
408665,105,RockMonster,346,123,1000
408666,105,RockMonster,343,124,1000
441583,145,RockMonsterMsgr,387,135,1000
406564,105,RockMonster,364,140,1000
406567,105,RockMonster,364,139,1000
407561,105,RockMonster,359,152,1000
432779,105,StoneBandit,391,148,1000
407833,105,RockMonster,384,154,1000
407835,105,RockMonster,381,155,1000
407836,105,RockMonster,385,159,1000
406601,105,RockMonster,387,175,1000
408674,105,RockMonster,386,172,1000
423855,105,RockMonster,414,185,1000
423859,105,RockMonster,426,195,1000
424615,105,RockMonster,427,189,1000
408741,105,RockMonster,415,203,1000
407823,105,RockMonster,448,205,1000
409831,105,RockMonster,441,210,1000
407825,105,RockMonster,423,207,1000
410851,105,RockMonster,424,211,1000
410854,105,RockMonster,448,217,1000
407837,105,RockMonster,448,253,1000
422444,105,RockMonster,457,247,1000
423120,105,RockMonster,538,290,1000
424370,105,HillMonster,538,305,1000
422452,105,RockMonster,527,296,1000
424363,105,HillMonster,541,308,1000
422577,105,HillMonster,541,311,1000
407840,105,RockMonster,441,262,1000
409833,105,RockMonster,431,223,1000
409834,105,RockMonster,434,224,1000
410853,105,RockMonster,427,238,1000
410852,105,RockMonster,417,219,1000
413240,105,RockMonster,415,215,1000
407601,105,RockMonster,390,226,1000
406638,105,RockMonster,394,201,1000
406642,105,RockMonster,396,211,1000
407603,105,RockMonster,387,227,1000
407581,105,RockMonster,376,191,1000
406640,105,RockMonster,386,213,1000
407580,105,RockMonster,384,202,1000
407584,105,RockMonster,380,201,1000
406605,105,RockMonster,372,199,1000
407583,105,RockMonster,370,185,1000
407585,105,RockMonster,361,181,1000
408671,105,RockMonster,374,180,1000
407559,105,RockMonster,374,168,1000
416471,505,RockMonsterL78,367,177,1000
406603,105,RockMonster,357,175,1000
407557,105,RockMonster,356,166,1000
408663,105,RockMonster,353,167,1000
416486,505,RockMonsterL78,353,157,1000
406562,105,RockMonster,351,140,1000
406563,105,RockMonster,348,132,1000
406602,105,RockMonster,346,164,1000
416478,505,RockMonsterL78,351,173,1000
407558,105,RockMonster,340,162,1000
407560,105,RockMonster,340,159,1000
406565,105,RockMonster,341,136,1000
406566,105,RockMonster,351,159,1000
406570,105,RockMonster,327,175,1000
435426,145,RockMonsterKing,336,149,1000
407556,105,RockMonster,336,131,1000
408664,105,RockMonster,331,135,1000
416503,505,HillMonsterL73,338,141,1000
416508,505,HillMonsterL73,330,142,1000
406527,105,RockMonster,335,123,1000
407540,105,RockMonster,346,125,1000
418281,505,HillMonsterL73,323,103,1000
416955,505,HillMonsterL73,313,118,1000
405855,105,RockMonster,304,88,1000
405863,105,RockMonster,280,91,1000
405860,105,RockMonster,285,81,1000
406501,105,RockMonster,286,87,1000
405858,105,RockMonster,284,54,1000
405857,105,RockMonster,291,88,1000
405865,105,RockMonster,276,86,1000
405861,105,RockMonster,256,102,1000
405862,105,RockMonster,280,114,1000
406499,105,RockMonster,286,113,1000
406500,105,RockMonster,287,112,1000
405866,105,RockMonster,260,114,1000
406533,105,RockMonster,310,120,1000
406529,105,RockMonster,290,140,1000
406532,105,RockMonster,291,136,1000
406534,105,RockMonster,294,144,1000
406530,105,RockMonster,286,148,1000
407543,105,RockMonster,320,154,1000
407541,105,RockMonster,320,163,1000
407542,105,RockMonster,311,163,1000
407565,105,RockMonster,332,193,1000
408667,105,RockMonster,327,192,1000
406573,105,RockMonster,307,186,1000
406606,105,RockMonster,346,184,1000
407582,105,RockMonster,343,190,1000
408673,105,RockMonster,347,190,1000
444417,105,StoneBandit,354,188,1000
437093,105,StoneBandit,356,185,1000
406569,105,RockMonster,332,195,1000
432686,145,RockMonsterAide,351,196,1000
406643,105,RockMonster,369,235,1000
407623,105,RockMonster,367,240,1000
416469,505,RockMonsterL78,374,239,1000
407622,105,RockMonster,403,241,1000
406677,105,RockMonster,408,244,1000
408746,105,RockMonster,415,241,1000
422503,105,HillMonster,445,310,1000
423826,105,HillMonster,438,330,1000
422487,105,HillMonster,441,312,1000
423819,105,HillMonster,435,310,1000
423820,105,HillMonster,432,309,1000
423825,105,HillMonster,427,338,1000
423824,105,HillMonster,423,306,1000
422467,105,HillMonster,442,301,1000
423822,105,HillMonster,423,321,1000
407643,105,RockMonster,419,294,1000
407645,105,RockMonster,416,296,1000
423817,105,HillMonster,415,293,1000
422469,105,HillMonster,438,298,1000
408689,105,RockMonster,411,317,1000
423818,105,HillMonster,412,304,1000
407619,105,RockMonster,407,283,1000
406679,105,RockMonster,398,273,1000
407620,105,RockMonster,404,265,1000
408682,105,RockMonster,398,268,1000
406675,105,RockMonster,402,258,1000
406678,105,RockMonster,393,242,1000
407648,105,RockMonster,381,281,1000
406676,105,RockMonster,381,268,1000
408680,105,RockMonster,391,263,1000
431634,145,RockMonsterAide,387,267,1000
407621,105,RockMonster,369,281,1000
407624,105,RockMonster,377,274,1000
408679,105,RockMonster,377,280,1000
406674,105,RockMonster,369,253,1000
408681,105,RockMonster,371,255,1000
406639,105,RockMonster,370,244,1000
407602,105,RockMonster,357,237,1000
406641,105,RockMonster,353,228,1000
436240,105,StoneBandit,357,230,1000
443681,145,RockMonsterMsgr,351,230,1000
406604,105,RockMonster,348,207,1000
437323,105,StoneBandit,357,210,1000
407605,105,RockMonster,339,251,1000
416468,505,RockMonsterL78,341,222,1000
408668,105,RockMonster,336,204,1000
408669,105,RockMonster,339,198,1000
443808,105,StoneBandit,341,205,1000
408672,105,RockMonster,348,199,1000
406572,105,RockMonster,333,203,1000
435821,105,StoneBandit,359,202,1000
406607,105,RockMonster,328,213,1000
407567,105,RockMonster,329,208,1000
406571,105,RockMonster,301,163,1000
407566,105,RockMonster,299,173,1000
406531,105,RockMonster,296,168,1000
405864,105,RockMonster,241,120,1000
405870,105,RockMonster,230,124,1000
405872,105,RockMonster,242,133,1000
406503,105,RockMonster,245,146,1000
405867,105,RockMonster,247,148,1000
407546,105,RockMonster,260,162,1000
405868,105,RockMonster,240,160,1000
406535,105,RockMonster,266,174,1000
407563,105,RockMonster,291,185,1000
407564,105,RockMonster,290,180,1000
407562,105,RockMonster,294,197,1000
408670,105,RockMonster,292,198,1000
406539,105,RockMonster,284,199,1000
406574,105,RockMonster,285,205,1000
416480,505,RockMonsterL78,281,202,1000
443949,145,RockMonsterAide,278,198,1000
406568,105,RockMonster,309,206,1000
416476,505,RockMonsterL78,318,203,1000
406608,105,RockMonster,324,223,1000
406609,105,RockMonster,310,224,1000
444414,105,StoneBandit,322,249,1000
406649,105,RockMonster,327,244,1000
416472,505,RockMonsterL78,323,246,1000
435368,105,HillMonster,463,333,1000
423827,105,HillMonster,427,325,1000
408698,105,RockMonster,418,348,1000
415691,505,RockMonsterL78,416,330,1000
406744,105,RockMonster,411,350,1000
408695,105,RockMonster,404,327,1000
406746,105,RockMonster,413,332,1000
406712,105,RockMonster,399,320,1000
423823,105,HillMonster,407,321,1000
423821,105,HillMonster,419,323,1000
406745,105,RockMonster,400,359,1000
406747,105,RockMonster,403,359,1000
408697,105,RockMonster,402,337,1000
415464,505,RockMonsterL78,401,334,1000
407644,105,RockMonster,399,315,1000
407667,105,RockMonster,391,331,1000
407646,105,RockMonster,394,315,1000
443812,105,StoneBandit,391,320,1000
435169,105,StoneBandit,391,322,1000
406710,105,RockMonster,395,307,1000
406715,105,RockMonster,385,302,1000
406713,105,RockMonster,399,304,1000
408688,105,RockMonster,397,306,1000
408687,105,RockMonster,396,310,1000
407669,105,RockMonster,388,332,1000
406711,105,RockMonster,379,293,1000
408690,105,RockMonster,408,295,1000
406714,105,RockMonster,373,318,1000
408691,105,RockMonster,367,323,1000
416467,505,RockMonsterL78,376,301,1000
407627,105,RockMonster,362,321,1000
416481,505,RockMonsterL78,358,301,1000
406681,105,RockMonster,361,285,1000
406685,105,RockMonster,365,297,1000
407628,105,RockMonster,363,297,1000
407625,105,RockMonster,346,293,1000
442723,145,RockMonsterMsgr,354,298,1000
406647,105,RockMonster,343,271,1000
406645,105,RockMonster,349,257,1000
416477,505,RockMonsterL78,345,269,1000
407630,105,RockMonster,342,301,1000
408683,105,RockMonster,335,288,1000
406682,105,RockMonster,341,281,1000
416473,505,RockMonsterL78,341,263,1000
408684,105,RockMonster,333,285,1000
407629,105,RockMonster,331,286,1000
408686,105,RockMonster,321,281,1000
406648,105,RockMonster,319,267,1000
407604,105,RockMonster,318,252,1000
407606,105,RockMonster,313,269,1000
431569,145,RockMonsterKing,307,269,1000
406616,105,RockMonster,303,257,1000
435476,105,StoneBandit,303,268,1000
406614,105,RockMonster,305,240,1000
415694,505,RockMonsterL78,302,249,1000
406610,105,RockMonster,301,224,1000
408678,105,RockMonster,295,264,1000
444758,105,StoneBandit,284,250,1000
406579,105,RockMonster,283,231,1000
406540,105,RockMonster,286,208,1000
407570,105,RockMonster,297,215,1000
406612,105,RockMonster,276,247,1000
438039,105,StoneBandit,271,239,1000
406578,105,RockMonster,280,221,1000
407569,105,RockMonster,277,223,1000
407568,105,RockMonster,267,223,1000
406575,105,RockMonster,265,215,1000
406576,105,RockMonster,266,212,1000
435457,145,RockMonsterMsgr,268,211,1000
444744,105,StoneBandit,263,199,1000
406537,105,RockMonster,261,190,1000
406538,105,RockMonster,266,180,1000
435267,145,RockMonsterKing,264,180,1000
406577,105,RockMonster,256,231,1000
407545,105,RockMonster,256,192,1000
406536,105,RockMonster,241,202,1000
407544,105,RockMonster,244,180,1000
407549,200,BladeGhost,233,200,1000
415466,200,BladeGhostL83,218,172,1000
406502,105,RockMonster,226,148,1000
406504,105,RockMonster,214,162,1000
405869,105,RockMonster,212,144,1000
406505,200,BladeGhost,204,177,1000
405871,105,RockMonster,202,160,1000
405878,200,BladeGhost,199,161,1000
406507,200,BladeGhost,197,177,1000
405877,200,BladeGhost,190,177,1000
405873,200,BladeGhost,179,163,1000
405875,200,BladeGhost,175,163,1000
406506,200,BladeGhost,188,191,1000
415470,200,BladeGhostL83,218,209,1000
406544,200,BladeGhost,220,211,1000
406543,200,BladeGhost,227,206,1000
406545,200,BladeGhost,228,209,1000
406541,200,BladeGhost,226,223,1000
406542,200,BladeGhost,220,234,1000
406546,200,BladeGhost,230,235,1000
407548,200,BladeGhost,239,239,1000
407547,200,BladeGhost,229,239,1000
406584,200,BladeGhost,251,242,1000
406583,200,BladeGhost,253,249,1000
406613,105,RockMonster,265,245,1000
408675,105,RockMonster,268,255,1000
406611,105,RockMonster,273,266,1000
407586,105,RockMonster,284,254,1000
407591,105,RockMonster,280,255,1000
407588,105,RockMonster,288,272,1000
406644,105,RockMonster,321,287,1000
408685,105,RockMonster,320,280,1000
408676,105,RockMonster,290,284,1000
444239,145,RockMonsterMsgr,296,282,1000
433875,105,StoneBandit,289,277,1000
416479,505,RockMonsterL78,304,285,1000
406654,200,BladeGhost,313,288,1000
406653,200,BladeGhost,290,290,1000
443810,105,StoneBandit,336,294,1000
444648,145,RockMonsterKing,331,301,1000
406646,105,RockMonster,328,288,1000
415452,505,RockMonsterL78,343,310,1000
406683,105,RockMonster,324,306,1000
407626,105,RockMonster,339,307,1000
407652,105,RockMonster,351,321,1000
407647,105,RockMonster,370,329,1000
407650,105,RockMonster,370,329,1000
407668,105,RockMonster,396,349,1000
406761,105,RockMonster,401,362,1000
408702,105,RockMonster,412,361,1000
406762,105,RockMonster,401,378,1000
415456,505,RockMonsterL78,402,394,1000
415458,505,RockMonsterL78,399,388,1000
407664,105,RockMonster,393,364,1000
407665,105,RockMonster,392,362,1000
408696,105,RockMonster,395,368,1000
406716,105,RockMonster,378,348,1000
406748,105,RockMonster,387,349,1000
406763,105,RockMonster,399,374,1000
406750,200,BladeGhost,383,373,1000
408693,105,RockMonster,367,342,1000
406717,105,RockMonster,371,338,1000
406718,105,RockMonster,370,360,1000
408692,105,RockMonster,367,368,1000
444085,145,RockMonsterKing,368,360,1000
406720,105,RockMonster,369,346,1000
408694,105,RockMonster,376,359,1000
415462,505,RockMonsterL78,375,350,1000
444653,145,RockMonsterAide,371,356,1000
407672,200,BladeGhost,360,369,1000
407653,105,RockMonster,358,358,1000
416474,505,RockMonsterL78,356,325,1000
406719,105,RockMonster,363,357,1000
437499,105,StoneBandit,355,343,1000
415450,505,RockMonsterL78,347,353,1000
406680,105,RockMonster,333,324,1000
407651,105,RockMonster,331,340,1000
406684,105,RockMonster,335,314,1000
443182,145,RockMonsterMsgr,330,314,1000
406686,200,BladeGhost,324,326,1000
416485,505,RockMonsterL78,324,324,1000
416482,505,RockMonsterL78,318,316,1000
444156,145,RockMonsterKing,324,318,1000
415459,505,RockMonsterL78,310,322,1000
406650,200,BladeGhost,311,298,1000
444416,105,StoneBandit,305,302,1000
442495,145,RockMonsterKing,300,308,1000
406615,105,RockMonster,273,281,1000
407589,105,RockMonster,278,283,1000
407590,105,RockMonster,276,278,1000
407608,200,BladeGhost,276,284,1000
408677,105,RockMonster,274,275,1000
406617,200,BladeGhost,264,283,1000
406620,200,BladeGhost,267,281,1000
406581,200,BladeGhost,252,263,1000
405876,200,BladeGhost,165,192,1000
405874,200,BladeGhost,171,207,1000
405879,200,BladeGhost,150,210,1000
406508,200,BladeGhost,147,214,1000
439908,357,DesertCondor,185,222,1000
406550,200,BladeGhost,208,239,1000
406551,200,BladeGhost,204,242,1000
406585,200,BladeGhost,215,253,1000
433728,357,DesertCondor,203,252,1000
423572,357,DesertCondor,204,245,1000
423577,357,DesertCondor,202,249,1000
439525,357,DesertCondor,201,247,1000
407571,200,BladeGhost,215,246,1000
433731,357,DesertCondor,206,259,1000
433729,357,DesertCondor,198,254,1000
406582,200,BladeGhost,240,257,1000
423579,357,DesertCondor,219,263,1000
436689,105,StoneBandit,252,274,1000
442283,145,RockMonsterAide,263,291,1000
407593,200,BladeGhost,251,289,1000
406580,200,BladeGhost,245,277,1000
407572,200,BladeGhost,246,280,1000
407587,105,RockMonster,273,289,1000
406618,200,BladeGhost,267,297,1000
406622,200,BladeGhost,236,298,1000
406651,200,BladeGhost,288,308,1000
406655,200,BladeGhost,290,319,1000
407607,200,BladeGhost,295,324,1000
407631,200,BladeGhost,314,329,1000
406688,200,BladeGhost,294,328,1000
406691,200,BladeGhost,298,330,1000
407649,105,RockMonster,349,364,1000
407654,105,RockMonster,355,366,1000
406754,200,BladeGhost,353,370,1000
406689,200,BladeGhost,287,320,1000
407609,200,BladeGhost,278,315,1000
416484,505,RockMonsterL78,287,312,1000
444420,145,RockMonsterMsgr,283,310,1000
406652,200,BladeGhost,270,322,1000
406591,200,BladeGhost,210,281,1000
407573,200,BladeGhost,213,281,1000
439527,357,DesertCondor,206,271,1000
443065,240,BladeGhostKing,205,286,1000
439528,357,DesertCondor,206,270,1000
407551,200,BladeGhost,208,267,1000
439909,357,DesertCondor,211,269,1000
439906,357,DesertCondor,195,254,1000
423574,357,DesertCondor,190,238,1000
433724,357,DesertCondor,185,239,1000
439524,357,DesertCondor,185,230,1000
407550,200,BladeGhost,192,255,1000
423575,357,DesertCondor,190,262,1000
423580,357,DesertCondor,187,260,1000
433723,357,DesertCondor,192,268,1000
439907,357,DesertCondor,186,269,1000
406548,200,BladeGhost,186,249,1000
423581,357,DesertCondor,189,242,1000
433726,357,DesertCondor,191,246,1000
433727,357,DesertCondor,186,246,1000
423578,357,DesertCondor,177,234,1000
433725,357,DesertCondor,174,228,1000
406509,200,BladeGhost,163,222,1000
406513,200,BladeGhost,126,213,1000
406510,200,BladeGhost,125,208,1000
407534,200,BladeGhost,155,218,1000
405880,200,BladeGhost,138,238,1000
406511,200,BladeGhost,138,234,1000
423573,357,DesertCondor,174,237,1000
433722,357,DesertCondor,165,234,1000
439904,357,DesertCondor,180,260,1000
439905,357,DesertCondor,180,270,1000
439526,357,DesertCondor,184,270,1000
423576,357,DesertCondor,198,273,1000
407610,200,BladeGhost,273,321,1000
416483,505,RockMonsterL78,269,348,1000
407594,200,BladeGhost,267,326,1000
435162,105,StoneBandit,260,331,1000
406621,200,BladeGhost,260,324,1000
406661,200,BladeGhost,245,325,1000
407592,200,BladeGhost,225,302,1000
406589,200,BladeGhost,217,311,1000
407575,200,BladeGhost,210,306,1000
416462,200,BladeGhostL83,207,292,1000
407574,200,BladeGhost,205,319,1000
443698,240,BladeGhostAide,204,310,1000
406587,200,BladeGhost,196,297,1000
406549,200,BladeGhost,189,282,1000
406552,200,BladeGhost,177,285,1000
420743,200,Ghost,173,278,1000
439523,357,DesertCondor,177,270,1000
407552,200,BladeGhost,169,260,1000
433730,357,DesertCondor,163,260,1000
407553,200,BladeGhost,159,280,1000
406547,200,BladeGhost,161,260,1000
415467,200,BladeGhostL83,152,243,1000
406512,200,BladeGhost,133,246,1000
406516,200,BladeGhost,124,246,1000
406514,200,BladeGhost,115,245,1000
407535,200,BladeGhost,121,242,1000
407537,200,BladeGhost,115,250,1000
406518,200,BladeGhost,117,252,1000
406515,200,BladeGhost,99,252,1000
406519,200,BladeGhost,117,268,1000
407536,200,BladeGhost,117,264,1000
415465,200,BladeGhostL83,144,274,1000
406557,200,BladeGhost,155,281,1000
407555,200,BladeGhost,151,282,1000
406588,200,BladeGhost,184,308,1000
415469,200,BladeGhostL83,181,309,1000
406590,200,BladeGhost,184,317,1000
406586,200,BladeGhost,185,322,1000
406624,200,BladeGhost,221,328,1000
406625,200,BladeGhost,200,338,1000
407596,200,BladeGhost,182,339,1000
406626,200,BladeGhost,217,334,1000
406628,200,BladeGhost,222,349,1000
406627,200,BladeGhost,208,344,1000
406619,200,BladeGhost,243,325,1000
406657,200,BladeGhost,235,333,1000
406658,200,BladeGhost,243,333,1000
406656,200,BladeGhost,234,349,1000
406660,200,BladeGhost,238,342,1000
406732,200,BladeGhost,260,414,1000
406520,200,BladeGhost,72,268,1000
406517,200,BladeGhost,84,273,1000
406521,200,BladeGhost,76,291,1000
406558,200,BladeGhost,123,299,1000
416267,900,Guard1,81,316,1000
416276,900,Guard1,81,325,1000
406561,200,BladeGhost,112,328,1000
406554,200,BladeGhost,148,329,1000
406556,200,BladeGhost,146,325,1000
444393,240,BladeGhostAide,148,331,1000
407579,200,BladeGhost,152,348,1000
406596,200,BladeGhost,159,328,1000
406593,200,BladeGhost,154,338,1000
406595,200,BladeGhost,163,335,1000
406597,200,BladeGhost,162,347,1000
406592,200,BladeGhost,179,353,1000
443798,240,BladeGhostMsgr,177,322,1000
407577,200,BladeGhost,179,329,1000
406555,200,BladeGhost,154,318,1000
415468,200,BladeGhostL83,151,317,1000
406553,200,BladeGhost,166,314,1000
407576,200,BladeGhost,170,315,1000
406623,200,BladeGhost,187,357,1000
443937,240,BladeGhostKing,196,342,1000
407597,200,BladeGhost,214,361,1000
416398,900,Guard1,501,647,1000
416397,900,Guard1,487,626,1000
416386,900,Guard1,476,642,1000
416266,900,Guard1,973,664,1000
443721,131,SandMonster,663,699,1000
433658,171,SandMonsterMsgr,637,696,1000
435172,131,SandMonster,589,650,1000
405514,131,SandMonster,564,667,1000
