181305 31 1 0 0 0 0 1 
181315 25 1 0 0 0 0 1 
181325 18 1 0 0 0 0 1 
181335 42 1 0 0 0 0 2 
181345 1 1 0 0 0 0 1 
181355 44 1 0 0 0 0 2 
181365 2 1 0 0 0 0 1 
181375 3 1 0 0 0 0 1 
181385 4 1 0 0 0 0 1 
181395 5 1 0 0 0 0 1 
181405 32 1 0 0 0 0 1 
181415 26 1 0 0 0 0 1 
181425 19 1 0 0 0 0 1 
181435 42 1 0 0 0 0 2 
181445 1 1 0 0 0 0 1 
181455 44 1 0 0 0 0 2 
181465 2 1 0 0 0 0 1 
181475 3 1 0 0 0 0 1 
181485 4 1 0 0 0 0 1 
181505 33 1 0 0 0 0 1 
181515 27 1 0 0 0 0 1 
181525 20 1 0 0 0 0 1 
181535 42 1 0 0 0 0 2 
181545 1 1 0 0 0 0 1 
181555 44 1 0 0 0 0 2 
181565 2 1 0 0 0 0 1 
181575 3 1 0 0 0 0 1 
181585 4 1 0 0 0 0 1 
181605 34 1 0 0 0 0 1 
181615 24 1 0 0 0 0 1 
181625 21 1 0 0 0 0 1 
181635 42 1 0 0 0 0 2 
181645 1 1 0 0 0 0 1 
181655 44 1 0 0 0 0 2 
181665 2 1 0 0 0 0 1 
181675 3 1 0 0 0 0 1 
181685 4 1 0 0 0 0 1 
181705 35 1 0 0 0 0 1 
181715 28 1 0 0 0 0 1 
181725 22 1 0 0 0 0 1 
181735 42 1 0 0 0 0 2 
181745 1 1 0 0 0 0 1 
181755 44 1 0 0 0 0 2 
181765 2 1 0 0 0 0 1 
181775 3 1 0 0 0 0 1 
181785 4 1 0 0 0 0 1 
181805 36 1 0 0 0 0 1 
181815 29 1 0 0 0 0 1 
181825 17 1 0 0 0 0 1 
181835 42 1 0 0 0 0 2 
181845 1 1 0 0 0 0 1 
181855 44 1 0 0 0 0 2 
181865 2 1 0 0 0 0 1 
181875 3 1 0 0 0 0 1 
181885 4 1 0 0 0 0 1 
181905 30 1 0 0 0 0 1 
181915 23 1 0 0 0 0 1 
181925 16 1 0 0 0 0 1 
181935 42 1 0 0 0 0 2 
181945 1 1 0 0 0 0 1 
181955 44 1 0 0 0 0 2 
181965 2 1 0 0 0 0 1 
181975 3 1 0 0 0 0 1 
181985 4 1 0 0 0 0 1 
182305 6 1 0 0 0 0 1 
182315 7 1 0 0 0 0 1 
182325 8 1 0 0 0 0 1 
182335 15 1 0 0 0 0 1 
182345 14 1 0 0 0 0 1 
182355 13 1 0 0 0 0 1 
182365 12 1 0 0 0 0 1 
182375 11 1 0 0 0 0 1 
182385 10 1 0 0 0 0 1 
182405 6 1 0 0 0 0 1 
182415 7 1 0 0 0 0 1 
182425 8 1 0 0 0 0 1 
182435 15 1 0 0 0 0 1 
182445 14 1 0 0 0 0 1 
182465 12 1 0 0 0 0 1 
182485 10 1 0 0 0 0 1 
182505 6 1 0 0 0 0 1 
182515 7 1 0 0 0 0 1 
182525 8 1 0 0 0 0 1 
182535 15 1 0 0 0 0 1 
182545 14 1 0 0 0 0 1 
182565 12 1 0 0 0 0 1 
182585 10 1 0 0 0 0 1 
182605 6 1 0 0 0 0 1 
182615 7 1 0 0 0 0 1 
182625 8 1 0 0 0 0 1 
182635 15 1 0 0 0 0 1 
182645 14 1 0 0 0 0 1 
182665 12 1 0 0 0 0 1 
182685 10 1 0 0 0 0 1 
182705 6 1 0 0 0 0 1 
182715 7 1 0 0 0 0 1 
182725 8 1 0 0 0 0 1 
182735 15 1 0 0 0 0 1 
182745 14 1 0 0 0 0 1 
182765 12 1 0 0 0 0 1 
182785 10 1 0 0 0 0 1 
182805 6 1 0 0 0 0 1 
182815 7 1 0 0 0 0 1 
182825 8 1 0 0 0 0 1 
182835 15 1 0 0 0 0 1 
182845 14 1 0 0 0 0 1 
182865 12 1 0 0 0 0 1 
182885 10 1 0 0 0 0 1 
182905 6 1 0 0 0 0 1 
182915 7 1 0 0 0 0 1 
182925 8 1 0 0 0 0 1 
182935 15 1 0 0 0 0 1 
182945 14 1 0 0 0 0 1 
182965 12 1 0 0 0 0 1 
182985 10 1 0 0 0 0 1 
183305 9 1 0 0 0 0 1 
183315 52 1 0 0 0 0 2 
183325 51 1 0 0 0 0 2 
183335 50 1 0 0 0 0 2 
183345 98 1 0 0 0 0 3 
183365 47 1 0 0 0 0 2 
183375 49 1 0 0 0 0 2 
183385 96 1 0 0 0 0 3 
183395 97 1 0 0 0 0 3 
183405 48 1 0 0 0 0 2 
183425 38 1 0 0 0 0 2 
183465 101 1 0 0 0 0 3 
183475 37 1 0 0 0 0 2 
183485 87 1 0 0 0 0 3 
183495 49 1 0 0 0 0 2 
184305 46 1 0 0 0 0 2 
184315 100 1 0 0 0 0 3 
184325 57 1 0 0 0 0 2 
184335 43 1 0 0 0 0 2 
184345 99 1 0 0 0 0 3 
184355 83 1 0 0 0 0 3 
184365 84 1 0 0 0 0 3 
184375 45 1 0 0 0 0 2 
184385 86 1 0 0 0 0 3 
184395 45 1 0 0 0 0 2 
184405 86 1 0 0 0 0 3 
185305 31 1 0 0 0 0 1 
185315 25 1 0 0 0 0 1 
185325 18 1 0 0 0 0 1 
185335 42 1 0 0 0 0 2 
185345 1 1 0 0 0 0 1 
185355 44 1 0 0 0 0 2 
185365 2 1 0 0 0 0 1 
185375 3 1 0 0 0 0 1 
185385 4 1 0 0 0 0 1 
185395 5 1 0 0 0 0 1 
185425 19 1 0 0 0 0 1 
185525 20 1 0 0 0 0 1 
185605 34 1 0 0 0 0 1 
185615 24 1 0 0 0 0 1 
185625 21 1 0 0 0 0 1 
185705 35 1 0 0 0 0 1 
185715 28 1 0 0 0 0 1 
185725 22 1 0 0 0 0 1 
185825 17 1 0 0 0 0 1 
185905 30 1 0 0 0 0 1 
185915 23 1 0 0 0 0 1 
185925 16 1 0 0 0 0 1 
186305 6 1 0 0 0 0 1 
186315 7 1 0 0 0 0 1 
186325 8 1 0 0 0 0 1 
186335 15 1 0 0 0 0 1 
186345 14 1 0 0 0 0 1 
186355 13 1 0 0 0 0 1 
186365 12 1 0 0 0 0 1 
186375 11 1 0 0 0 0 1 
186385 10 1 0 0 0 0 1 
187305 55 1 0 0 0 0 2 
187315 56 1 0 0 0 0 2 
187325 123 1 0 0 0 0 4 
187335 56 1 0 0 0 0 2 
187345 55 1 0 0 0 0 2 
187355 99 1 0 0 0 0 3 
187365 43 1 0 0 0 0 2 
187405 133 1 0 0 0 0 5 
187415 112 1 0 0 0 0 4 
187425 104 1 0 0 0 0 3 
187455 53 1 0 0 0 0 2 
187465 54 1 0 0 0 0 2 
187475 85 1 0 0 0 0 3 
187505 59 1 0 0 0 0 2 
187515 100 1 0 0 0 0 3 
187575 113 1 0 0 0 0 4 
187605 103 1 0 0 0 0 3 
187635 113 1 0 0 0 0 4 
187665 67 1 0 0 0 0 2 
187675 87 1 0 0 0 0 3 
187685 99 1 0 0 0 0 3 
187735 93 1 0 0 0 0 3 
187765 99 1 0 0 0 0 3 
187775 111 1 0 0 0 0 4 
187785 111 1 0 0 0 0 4 
187795 111 1 0 0 0 0 4 
187805 50 1 0 0 0 0 2 
187855 85 1 0 0 0 0 3 
187865 85 1 0 0 0 0 3 
187875 85 1 0 0 0 0 3 
187885 85 1 0 0 0 0 3 
187905 97 1 0 0 0 0 3 
187915 96 1 0 0 0 0 3 
187925 83 1 0 0 0 0 3 
187935 47 1 0 0 0 0 2 
187945 98 1 0 0 0 0 3 
187955 99 1 0 0 0 0 3 
187965 97 1 0 0 0 0 3 
187975 96 1 0 0 0 0 3 
187985 83 1 0 0 0 0 3 
187995 13 1 0 0 0 0 1 
188005 56 1 0 0 0 0 2 
188015 47 1 0 0 0 0 2 
188025 43 1 0 0 0 0 2 
188035 98 1 0 0 0 0 3 
188045 55 1 0 0 0 0 2 
188055 45 1 0 0 0 0 2 
188065 99 1 0 0 0 0 3 
188085 107 1 0 0 0 0 3 
188095 112 1 0 0 0 0 4 
188105 104 1 0 0 0 0 3 
188115 99 1 0 0 0 0 3 
188125 42 1 0 0 0 0 2 
188155 68 1 0 0 0 0 2 
188165 69 1 0 0 0 0 2 
188175 70 1 0 0 0 0 2 
188185 174 1 0 0 0 0 4 
188205 100 1 0 0 0 0 3 
188225 100 1 0 0 0 0 3 
188245 87 1 0 0 0 0 3 
188255 71 1 0 0 0 0 2 
188265 132 1 0 0 0 0 4 
188285 95 1 0 0 0 0 3 
188295 72 1 0 0 0 0 2 
188335 55 1 0 0 0 0 2 
188345 48 1 0 0 0 0 2 
188355 86 1 0 0 0 0 3 
188365 43 1 0 0 0 0 2 
188395 111 1 0 0 0 0 4 
188405 101 1 0 0 0 0 3 
188435 44 1 0 0 0 0 2 
188445 40 1 0 0 0 0 2 
188455 55 1 0 0 0 0 2 
188465 9 1 0 0 0 0 1 
188475 51 1 0 0 0 0 2 
188485 43 1 0 0 0 0 2 
188495 129 1 0 0 0 0 4 
188515 111 1 0 0 0 0 4 
188545 73 1 0 0 0 0 2 
188575 88 1 0 0 0 0 3 
188625 128 1 0 0 0 0 4 
188655 94 1 0 0 0 0 3 
188665 67 1 0 0 0 0 2 
188675 126 1 0 0 0 0 4 
188705 107 1 0 0 0 0 3 
188715 112 1 0 0 0 0 4 
188725 104 1 0 0 0 0 3 
188755 129 1 0 0 0 0 4 
188845 129 1 0 0 0 0 4 
188885 82 1 0 0 0 0 3 
188895 82 1 0 0 0 0 3 
188905 82 1 0 0 0 0 3 
188915 146 1 0 0 0 0 5 
188925 88 1 0 0 0 0 3 
188935 88 1 0 0 0 0 3 
188945 88 1 0 0 0 0 3 
188955 88 1 0 0 0 0 3 
189035 81 1 0 0 0 0 3 
189045 81 1 0 0 0 0 3 
189055 81 1 0 0 0 0 3 
189065 145 1 0 0 0 0 5 
189075 70 1 0 0 0 0 2 
189085 111 1 0 0 0 0 4 
189095 79 1 0 0 0 0 3 
189105 94 1 0 0 0 0 3 
189135 133 1 0 0 0 0 5 
189145 112 1 0 0 0 0 4 
189155 104 1 0 0 0 0 3 
189215 57 1 0 0 0 0 2 
189225 70 1 0 0 0 0 2 
189235 95 1 0 0 0 0 3 
189245 88 1 0 0 0 0 3 
189255 107 1 0 0 0 0 3 
189265 129 1 0 0 0 0 4 
189645 209 1 0 0 0 0 4 
189665 210 1 0 0 0 0 3 
189675 211 1 0 0 0 0 5 
191305 40 1 0 0 0 0 2 
191405 39 1 0 0 0 0 2 
191505 40 1 0 0 0 0 2 
191605 40 1 0 0 0 0 2 
191705 40 1 0 0 0 0 2 
191805 40 1 0 0 0 0 2 
191905 40 1 0 0 0 0 2 
192125 119 1 0 0 0 0 4 
192135 119 1 0 0 0 0 4 
192165 114 1 0 0 0 0 4 
192185 41 1 0 0 0 0 2 
192195 114 1 0 0 0 0 4 
192200 75 1 0 0 0 0 3 
192230 58 1 0 0 0 0 2 
192240 75 1 0 0 0 0 3 
192250 93 1 0 0 0 0 3 
192260 58 1 0 0 0 0 2 
192270 75 1 0 0 0 0 3 
192280 93 1 0 0 0 0 3 
192300 93 1 0 0 0 0 3 
192310 102 1 0 0 0 0 3 
192311 128 1 0 0 0 0 4 
192325 128 1 0 0 0 0 4 
192335 128 1 0 0 0 0 4 
192345 78 1 0 0 0 0 3 
192355 78 1 0 0 0 0 3 
192365 128 1 0 0 0 0 4 
192375 102 1 0 0 0 0 3 
192395 102 1 0 0 0 0 3 
192425 117 1 0 0 0 0 4 
192435 127 1 0 0 0 0 4 
192465 110 1 0 0 0 0 4 
192495 116 1 0 0 0 0 4 
192525 127 1 0 0 0 0 4 
192555 77 1 0 0 0 0 3 
192565 106 1 0 0 0 0 3 
192575 105 1 0 0 0 0 3 
192605 131 1 0 0 0 0 4 
192615 120 1 0 0 0 0 4 
192625 125 1 0 0 0 0 4 
192635 121 1 0 0 0 0 4 
192645 128 1 0 0 0 0 4 
192655 92 1 0 0 0 0 3 
192665 91 1 0 0 0 0 3 
192675 90 1 0 0 0 0 3 
192685 89 1 0 0 0 0 3 
192695 122 1 0 0 0 0 4 
192745 188 1 0 0 0 0 4 
192755 188 1 0 0 0 0 4 
192765 188 1 0 0 0 0 4 
192775 188 1 0 0 0 0 4 
192785 124 1 0 0 0 0 4 
192805 105 1 0 0 0 0 3 
192815 105 1 0 0 0 0 3 
192825 105 1 0 0 0 0 3 
192895 131 1 0 0 0 0 4 
192925 122 1 0 0 0 0 4 
192935 122 1 0 0 0 0 4 
193015 74 1 0 0 0 0 2 
193025 108 1 0 0 0 0 3 
193035 109 1 0 0 0 0 3 
193045 66 1 0 0 0 0 2 
193055 62 1 0 0 0 0 2 
193065 65 1 0 0 0 0 2 
193075 61 1 0 0 0 0 2 
193085 60 1 0 0 0 0 2 
193095 64 1 0 0 0 0 2 
193105 63 1 0 0 0 0 2 
193115 115 1 0 0 0 0 4 
193185 66 1 0 0 0 0 2 
193195 118 1 0 0 0 0 4 
193205 175 1 0 0 0 0 4 
193225 110 1 0 0 0 0 4 
193235 149 1 0 0 0 0 2 
193275 145 1 0 0 0 0 5 
193295 130 1 0 0 0 0 4 
193300 58 1 0 0 0 0 2 
193305 76 1 0 0 0 0 3 
193325 118 1 0 0 0 0 4 
193445 147 1 0 0 0 0 5 
193495 76 1 0 0 0 0 3 
193505 76 1 0 0 0 0 3 
193515 76 1 0 0 0 0 3 
193525 148 1 0 0 0 0 5 
193535 150 1 0 0 0 0 3 
193545 150 1 0 0 0 0 3 
193555 151 1 0 0 0 0 4 
193565 152 1 0 0 0 0 5 
193605 134 1 0 0 0 0 2 
193625 155 1 0 0 0 0 5 
193635 154 1 0 0 0 0 3 
193655 78 1 0 0 0 0 3 
193685 131 1 0 0 0 0 4 
193695 144 1 0 0 0 0 4 
193715 154 1 0 0 0 0 3 
193735 164 1 0 0 0 0 3 
193745 165 1 0 0 0 0 3 
193755 166 1 0 0 0 0 3 
193765 167 1 0 0 0 0 3 
193775 168 1 0 0 0 0 4 
193785 169 1 0 0 0 0 4 
193795 170 1 0 0 0 0 4 
193805 171 1 0 0 0 0 4 
193815 172 1 0 0 0 0 4 
193825 173 1 0 0 0 0 4 
194300 75 1 0 0 0 0 3 
194375 193 1 0 0 0 0 3 
194385 194 1 0 0 0 0 4 
194395 195 1 0 0 0 0 5 
194405 196 1 0 0 0 0 4 
194655 199 1 0 0 0 0 3 
194665 200 1 0 0 0 0 3 
194675 201 1 0 0 0 0 3 
194685 202 1 0 0 0 0 3 
194695 203 1 0 0 0 0 4 
194705 204 1 0 0 0 0 4 
194715 205 1 0 0 0 0 4 
194725 206 1 0 0 0 0 4 
194865 218 1 0 0 0 0 3 
194875 219 1 0 0 0 0 5 
196175 220 1 0 0 0 0 5
200000 1 2 0 0 0 0 1 
200001 2 2 0 0 0 0 1 
200002 20 2 0 0 0 0 2 
200003 21 2 0 0 0 0 2 
200004 3 2 0 0 0 0 1 
200005 22 2 0 0 0 0 2 
200006 4 2 0 0 0 0 1 
200007 23 2 0 0 0 0 2 
200008 24 2 0 0 0 0 2 
200009 38 2 0 0 0 0 3 
200010 36 2 0 0 0 0 3 
200011 83 2 0 0 0 0 2 
200012 33 2 0 0 0 0 2 
200015 8 2 0 0 0 0 1 
200016 9 2 0 0 0 0 1 
200017 10 2 0 0 0 0 1 
200018 5 2 0 0 0 0 1 
200019 6 2 0 0 0 0 1 
200020 7 2 0 0 0 0 1 
200021 80 2 0 0 0 0 5 
200022 80 2 0 0 0 0 5 
200100 25 2 0 0 0 0 2 
200101 11 2 0 0 0 0 1 
200102 12 2 0 0 0 0 1 
200103 26 2 0 0 0 0 2 
200104 27 2 0 0 0 0 2 
200105 28 2 0 0 0 0 2 
200106 29 2 0 0 0 0 2 
200107 39 2 0 0 0 0 3 
200108 37 2 0 0 0 0 3 
200109 30 2 0 0 0 0 2 
200110 34 2 0 0 0 0 2 
200111 82 2 0 0 0 0 2 
200120 13 2 0 0 0 0 1 
200121 14 2 0 0 0 0 1 
200122 15 2 0 0 0 0 1 
200123 16 2 0 0 0 0 1 
200124 17 2 0 0 0 0 1 
200125 18 2 0 0 0 0 1 
200126 19 2 0 0 0 0 1 
200200 5 2 0 0 0 0 1 
200201 6 2 0 0 0 0 1 
200202 7 2 0 0 0 0 1 
200203 8 2 0 0 0 0 1 
200204 9 2 0 0 0 0 1 
200205 10 2 0 0 0 0 1 
200206 1 2 0 0 0 0 1 
200207 2 2 0 0 0 0 1 
200208 20 2 0 0 0 0 2 
200209 21 2 0 0 0 0 2 
200210 3 2 0 0 0 0 1 
200211 4 2 0 0 0 0 1 
200217 20 2 0 0 0 0 2 
200218 21 2 0 0 0 0 2 
200219 22 2 0 0 0 0 2 
200220 80 2 0 0 0 0 5 
200221 80 2 0 0 0 0 5 
200300 13 2 0 0 0 0 1 
200301 14 2 0 0 0 0 1 
200302 15 2 0 0 0 0 1 
200303 16 2 0 0 0 0 1 
200304 17 2 0 0 0 0 1 
200305 18 2 0 0 0 0 1 
200306 19 2 0 0 0 0 1 
200307 27 2 0 0 0 0 2 
200308 25 2 0 0 0 0 2 
200309 11 2 0 0 0 0 1 
200310 12 2 0 0 0 0 1 
200311 27 2 0 0 0 0 2 
200312 26 2 0 0 0 0 2 
200319 25 2 0 0 0 0 2 
200320 26 2 0 0 0 0 2 
200321 27 2 0 0 0 0 2 
200322 28 2 0 0 0 0 2 
200323 35 2 0 0 0 0 2 
200403 43 2 0 0 0 0 3 
200407 40 2 0 0 0 0 3 
200409 40 2 0 0 0 0 3 
200410 81 2 0 0 0 0 5 
200411 44 2 0 0 0 0 3 
200412 70 2 0 0 0 0 3 
200413 41 2 0 0 0 0 3 
200414 45 2 0 0 0 0 3 
200415 46 2 0 0 0 0 3 
200416 64 2 0 0 0 0 3 
200417 62 2 0 0 0 0 3 
200418 47 2 0 0 0 0 3 
200419 48 2 0 0 0 0 3 
200420 42 2 0 0 0 0 3 
200421 59 2 0 0 0 0 3 
200425 40 2 0 0 0 0 3 
200426 64 2 0 0 0 0 3 
200427 52 2 0 0 0 0 3 
200428 81 2 0 0 0 0 5 
200431 32 2 0 0 0 0 2 
200433 68 2 0 0 0 0 3 
200437 48 2 0 0 0 0 3 
200438 50 2 0 0 0 0 3 
200439 51 2 0 0 0 0 3 
200440 68 2 0 0 0 0 3 
200441 51 2 0 0 0 0 3 
200442 68 2 0 0 0 0 3 
200443 52 2 0 0 0 0 3 
200444 51 2 0 0 0 0 3 
200445 68 2 0 0 0 0 3 
200446 59 2 0 0 0 0 3 
200447 52 2 0 0 0 0 3 
200449 81 2 0 0 0 0 5 
200453 72 2 0 0 0 0 4 
200454 68 2 0 0 0 0 3 
200455 68 2 0 0 0 0 3 
200456 50 2 0 0 0 0 3 
200458 69 2 0 0 0 0 3 
200459 69 2 0 0 0 0 3 
200461 68 2 0 0 0 0 3 
200463 69 2 0 0 0 0 3 
200464 70 2 0 0 0 0 3 
200465 46 2 0 0 0 0 3 
200466 42 2 0 0 0 0 3 
200467 32 2 0 0 0 0 2 
200474 65 2 0 0 0 0 3 
200475 154 2 0 0 0 0 4 
200476 53 2 0 0 0 0 3 
200477 73 2 0 0 0 0 4 
200478 73 2 0 0 0 0 4 
200479 73 2 0 0 0 0 4 
200480 73 2 0 0 0 0 4 
200481 61 2 0 0 0 0 3 
200482 80 2 0 0 0 0 5 
200485 73 2 0 0 0 0 4 
200486 73 2 0 0 0 0 4 
200487 66 2 0 0 0 0 3 
200488 67 2 0 0 0 0 3 
200490 63 2 0 0 0 0 3 
200491 54 2 0 0 0 0 3 
200492 55 2 0 0 0 0 3 
200493 71 2 0 0 0 0 3 
200494 132 2 0 0 0 0 5 
200495 74 2 0 0 0 0 4 
200499 60 2 0 0 0 0 3 
200500 75 2 0 0 0 0 4 
200503 56 2 0 0 0 0 3 
200514 57 2 0 0 0 0 3 
200515 57 2 0 0 0 0 3 
200516 57 2 0 0 0 0 3 
200517 77 2 0 0 0 0 5 
200524 148 2 0 0 0 0 5 
200525 66 2 0 0 0 0 4 
200527 113 2 0 0 0 0 3 
200528 58 2 0 0 0 0 3 
200529 58 2 0 0 0 0 3 
200530 58 2 0 0 0 0 3 
200531 78 2 0 0 0 0 5 
200537 76 2 0 0 0 0 5 
200538 31 2 0 0 0 0 2 
200539 73 2 0 0 0 0 4 
200540 79 2 0 0 0 0 5 
200541 91 2 0 0 0 0 3 
200542 91 2 0 0 0 0 3 
200543 92 2 0 0 0 0 4 
200544 93 2 0 0 0 0 5 
200547 10 2 0 0 0 0 1 
200549 72 2 0 0 0 0 4 
200553 120 2 0 0 0 0 3 
200554 84 2 0 0 0 0 3 
200555 85 2 0 0 0 0 3 
200556 86 2 0 0 0 0 3 
200557 87 2 0 0 0 0 3 
200558 88 2 0 0 0 0 3 
200559 89 2 0 0 0 0 5 
200560 90 2 0 0 0 0 5 
200562 48 2 0 0 0 0 3 
200563 107 2 0 0 0 0 4 
200564 108 2 0 0 0 0 5 
200570 114 2 0 0 0 0 3 
200571 115 2 0 0 0 0 3 
200572 116 2 0 0 0 0 5 
200573 117 2 0 0 0 0 5 
200574 118 2 0 0 0 0 4 
200575 119 2 0 0 0 0 5 
200580 128 2 0 0 0 0 5 
200584 135 2 0 0 0 0 3 
200585 136 2 0 0 0 0 3 
200586 137 2 0 0 0 0 3 
200587 138 2 0 0 0 0 3 
200588 139 2 0 0 0 0 3 
200589 140 2 0 0 0 0 4 
200590 141 2 0 0 0 0 4 
200591 142 2 0 0 0 0 4 
200592 143 2 0 0 0 0 5 
200593 145 2 0 0 0 0 4 
200595 146 2 0 0 0 0 4 
200596 147 2 0 0 0 0 5 
200613 157 2 0 0 0 0 5 
200614 158 2 0 0 0 0 5 