1 194875 1 1 0 3303698 150 0 0 0 0 0 0
2 189065 1 1 0 3303698 150 0 0 0 0 0 0
3 187405 1 1 0 3303698 150 0 0 0 0 0 0
4 188915 1 1 0 3303698 150 0 0 0 0 0 0
5 193525 1 1 0 3303698 150 0 0 0 0 0 0
6 193445 1 1 0 3303698 150 0 0 0 0 0 0
7 193565 1 1 0 3303698 150 0 0 0 0 0 0
8 193625 1 1 0 3303698 150 0 0 0 0 0 0
9 189675 1 1 0 3303698 150 0 0 0 0 0 0
10 200613 1 1 0 3304151 150 0 0 0 0 0 0
11 200614 1 1 0 3304151 150 0 0 0 0 0 0
12 200564 1 1 0 3304151 150 0 0 0 0 0 0
13 200572 1 1 0 3304151 150 0 0 0 0 0 0
14 200573 1 1 0 3304151 150 0 0 0 0 0 0
15 200575 1 1 0 3304151 150 0 0 0 0 0 0
16 200537 1 1 0 3304151 150 0 0 0 0 0 0
17 200517 1 1 0 3304151 150 0 0 0 0 0 0
18 200531 1 1 0 3304151 150 0 0 0 0 0 0
19 200540 1 1 0 3304151 150 0 0 0 0 0 0
20 200482 1 1 0 3304151 150 0 0 0 0 0 0
21 200449 1 1 0 3304151 150 0 0 0 0 0 0
22 200559 1 1 0 3304151 150 0 0 0 0 0 0
23 200560 1 1 0 3304151 150 0 0 0 0 0 0
24 200544 1 1 0 3304151 150 0 0 0 0 0 0