0001 1 0030 
0001 2 0060 
0001 3 0100 
0001 4 0200 
0001 5 0350 
0001 6 0600 
0001 7 1000 
0001 8 1500 
0001 9 2300 
0001 10 3500 
0001 11 5000 
0001 12 6500 
0001 13 8000 
0001 14 9500 
0001 15 11000 
0001 16 12000 
0001 17 12000 
0001 18 12000 
0001 19 12000 
0001 20 12000 
0001 21 12000 
0001 22 12000 
0001 23 12000 
0001 24 12000 
0001 25 12000 
0001 26 12000 
0001 27 12000 
0001 28 12000 
0001 29 12000 
0001 30 12000 
0001 31 12000 
0001 32 12000 
0001 33 12000 
0001 34 12000 
0001 35 12000 
0001 36 12000 
0001 37 12000 
0001 38 12000 
0001 39 12000 
0001 40 12000 
0001 41 12000 
0001 42 12000 
0001 43 12000 
0001 44 12000 
0001 45 12000 
0001 46 12000 
0001 47 12000 
0001 48 12000 
0001 49 12000 
0001 50 12000 
0001 51 12000 
0001 52 12000 
0001 53 12000 
0001 54 12000 