926,2,9267,700,50,50
35016,2,50610,1036,178,207
8591,2,11210,1004,50,33
27784,2,50190,1036,178,192
6297,2,50670,1036,191,178
1457,2,50752,1002,307,350
1341,2,50744,1002,324,295
9623,2,17997,1068,50,50
9534,2,17980,1002,290,205
2297,2,36500,3998,573,423
15459,60,23136,5000,53,54
15460,60,23146,5000,54,55
15461,60,23156,5000,55,56
15745,2,24546,1036,212,180
200124,2,45310,44462,354,286,1
200124,2,45310,44463,354,286,1
200124,2,45310,44461,354,286,1
200002,2,51700,44460,334,193
200124,2,45310,44460,354,286
200124,2,45310,10090,354,286
20028,2,45287,5000,33,62,1
14001,2,45287,1991,33,46,0
16849,2,51000,1036,187,199
870055,6,240,1002,293,252
35,7,350,1036,192,205
14002,2,45287,1992,33,46,0
14003,2,45287,1993,33,46,0
14004,2,45287,1994,33,46,0
14005,2,45287,1995,33,46,0
14006,2,45287,1996,33,46,0
14007,2,45287,1997,33,46,0
14008,2,45287,1998,33,46,0
20823,2,29500,10137,453,481
14009,2,45287,2005,33,46,0
14010,2,45287,2000,33,46,0
14011,2,45287,1989,33,46,0
14012,2,45287,1990,33,46,0
14013,2,45287,1988,33,46,0
14014,2,45287,1987,33,46,0
8592,2,11220,1002,313,141
662,2,1360,1002,308,141
200006,2,51854,44455,154,146,1
200028,2,51855,44455,148,142,1
200034,2,51850,44455,157,133,1
200036,2,51857,44455,146,135,1
200052,2,51852,44455,162,139,1
20029,2,45290,10088,126,116,1
200056,2,45952,10088,151,165,1
200050,2,45951,10088,179,172,1
200068,2,45950,10088,194,177,1
200016,2,45954,10088,133,144,1
200056,2,45952,10088,151,165,1
20030,2,45302,44455,155,138,1
200052,2,45951,44455,179,172,1
200056,2,45950,44455,194,177,1
200028,2,45954,44455,133,144,1
200062,2,45952,44455,151,165,1
200072,2,45953,44455,120,151,1
200052,2,45951,44456,179,172,1
200056,2,45950,44456,194,177,1
200058,2,45306,44456,123,119,1
200028,2,45954,44456,133,144,1
200062,2,45952,44456,151,165,1
200072,2,45953,44456,120,151,1
200052,2,45951,44457,179,172,1
200056,2,45950,44457,194,177,1
200058,2,45306,44457,123,119,1
200028,2,45954,44457,133,144,1
200062,2,45952,44457,151,165,1
200072,2,45953,44457,120,151,1
19634,2,51587,1004,76,57
4592,2,3850,1791,59,61
4593,2,4330,1791,59,56
4594,2,4110,1791,59,51
4595,2,4120,1791,55,55
4578,2,4230,1787,48,37
4603,2,4106,1783,51,73
4568,2,3976,1784,55,55
4570,2,3994,1784,61,68
4571,2,4000,1784,61,30
4567,2,3954,1782,51,70
4580,2,4097,1782,38,38
4600,2,4097,1782,60,38
4601,2,4097,1782,38,60
4602,2,4097,1782,60,60
8911,2,12170,6072,65,33
8616,2,11280,6072,63,33
7781,2,8976,6072,33,59
7780,2,8961,6072,55,33
7779,2,8950,6072,47,33
7778,2,8946,6072,33,46
7777,2,8937,6072,33,37
7776,2,8920,6072,39,33
300011,2,7690,1052,229,233
300012,2,7710,1052,191,201
300013,2,7720,1052,181,176
300014,2,7730,1052,206,179
300015,2,7740,1052,243,219
17232,2,32520,1052,207,225
4711,2,4644,1818,81,66
4710,2,4640,1818,81,49
4709,2,4644,1818,75,66
4708,2,4640,1818,75,49
4707,2,4637,1818,56,55
10603,2,29210,3832,154,130
10604,2,29220,3832,162,217
10605,2,29257,3832,101,175
10615,2,29267,3832,94,175
10617,2,29267,3832,108,175
10618,2,29267,3832,101,168
10616,2,29267,3832,101,183
10613,2,29267,3831,108,175
10614,2,29267,3831,101,168
10611,2,29267,3831,94,175
10612,2,29267,3831,101,183
10600,2,29210,3831,154,130
10601,2,29220,3831,162,217
10602,2,29257,3831,101,175
10619,2,29220,3834,162,217
10607,2,29267,3830,94,175
10608,2,29267,3830,101,183
10609,2,29267,3830,108,175
10610,2,29267,3830,101,168
10586,2,29236,3827,38,53
10591,2,29240,3827,45,39
10590,2,29240,3827,39,45
10587,2,29236,3828,38,53
10592,2,29240,3828,39,45
10593,2,29240,3828,45,39
10594,2,29240,3828,51,45
10588,2,29236,3829,38,53
10596,2,29240,3829,45,39
10597,2,29240,3829,51,45
10598,2,29240,3829,45,51
10595,2,29240,3829,39,45
10589,2,29240,3826,39,45
10585,2,29236,3826,38,53
10584,2,29236,3825,38,53
10606,2,29257,3830,101,175
10583,2,29230,3830,82,166
10582,2,29220,3830,162,217
10581,2,29210,3830,154,130
1882,2,9446,1770,44,44
1883,2,9446,1771,44,37
1884,2,9446,1772,51,43
1885,2,9446,1773,51,45
1886,2,9446,1774,41,34
1887,2,9446,1775,46,40
1888,2,9446,1777,51,50
9619,2,17997,3071,346,200
9620,2,17997,3071,201,76
9621,2,17997,3071,254,405
9622,2,17997,3071,61,128
9650,2,17997,3071,181,209
9651,2,17997,3071,244,256
9652,2,17997,3071,203,151
9653,2,17997,3071,146,144
19163,2,40267,3998,311,449
18950,2,39040,3995,127,131
19164,2,40277,3998,247,273
19167,2,40307,3998,291,274
19168,2,40307,3998,277,273
19169,2,40307,3998,280,272
19170,2,40307,3998,284,272
19171,2,40307,3998,268,270
19175,2,40307,3998,265,273
19186,1,230,4009,49,30
19139,2,40360,4009,43,30
200025,2,40500,4003,65,63,1
200018,2,40520,4006,65,65,1
200024,2,40540,4008,63,63,1
19183,2,40447,3998,147,317
19194,2,40337,3998,82,349
19184,2,40457,3998,146,326
19238,2,40317,3998,550,691
19160,2,40237,3998,85,356
19161,2,40247,3998,162,395
19162,2,40257,3998,142,320
19174,2,40317,3998,554,682
19176,2,40317,3998,552,685
19177,2,40317,3998,553,689
19239,2,40317,3998,564,686
19172,2,40317,3998,568,683
19173,2,40317,3998,559,685
19178,2,40910,3998,538,422
200020,2,40460,4000,66,66,1
19231,2,287,4020,88,67
19127,2,40127,4020,79,68
19128,2,40136,4020,82,59
19166,2,40290,4020,70,71
19504,2,43496,5000,83,48
19505,2,43506,5000,83,49
19506,2,43516,5000,83,50
19507,2,43526,5000,83,51
19452,2,43105,5000,83,52
19436,2,42984,5000,83,53
19424,2,51484,5000,83,54
19121,2,40066,3935,332,304
19122,2,40066,3935,328,421
19123,2,40066,3935,433,471
19124,2,40066,3935,480,420
19125,2,40066,3935,420,315
19004,113,33240,3935,546,517
19011,113,33240,3935,547,512
10948,2,38950,3935,378,404
10949,2,38950,3935,368,355
10950,2,38950,3935,400,364
10951,2,38950,3935,406,401
19223,2,41457,1858,152,138
7762,3,80,1858,154,130
62981,2,20,1858,154,126
4624,2,3896,1801,42,37
4625,2,3896,1801,64,39
4626,2,3896,1801,84,88
4627,2,3896,1801,38,76
4622,2,3870,1000,386,103
4513,2,5720,1780,119,134
4514,2,5730,1780,170,182
4515,2,5740,1780,200,229
4516,2,5750,1780,142,212
4517,2,5760,1780,108,228
4522,2,5770,1780,160,215
4523,2,5770,1780,160,219
4524,2,5770,1780,164,219
4525,2,5770,1780,164,215
4526,2,5710,1780,145,134
4506,2,5650,1779,145,134
4507,2,5660,1779,119,134
4508,2,5670,1779,170,182
4509,2,5680,1779,200,229
4510,2,5690,1779,142,212
4511,2,5700,1779,108,228
4518,2,5770,1779,160,215
4519,2,5770,1779,160,219
4520,2,5770,1779,164,219
4521,2,5770,1779,164,215
8520,2,10413,1015,748,580
8551,2,10683,1015,523,321
8552,2,10683,1015,599,347
8554,2,10683,1015,538,345
8555,2,10683,1015,630,429
8551,2,10683,1015,523,321
8538,2,10593,1015,321,192
8546,2,10673,1015,356,486
8547,2,10673,1015,397,591
8548,2,10673,1015,444,582
8549,2,10673,1015,391,550
8550,2,10673,1015,447,530
8529,2,10503,1015,563,606
8530,2,10513,1015,457,495
8531,2,10523,1015,361,583
8532,2,10533,1015,441,724
8559,2,10693,1015,277,274
8558,2,10693,1015,395,651
8556,2,10693,1015,570,628
8435,2,10080,1000,685,769
8439,2,10110,1000,486,346
8438,2,10100,1000,481,341
8434,2,10070,1000,559,795
8443,2,10150,1000,359,246
8442,2,10140,1000,490,328
8440,2,10120,1000,475,331
8441,2,10130,1000,585,319
8444,2,10160,1000,345,247
8437,2,10090,1000,472,345
10016,1,236,1000,480,324
30115,2,7410,1015,468,203
3601,2,2177,1700,607,637
3623,1,2350,1700,617,639
11157,2,42580,5000,33,30
8298,2,10883,1020,211,445
10002,2,26,1002,284,276
1,32,10,1002,287,251
4,32,40,1002,284,266
8,3,80,1002,281,251
423,1,2706,1002,284,261
30161,2,8120,1002,281,270
10063,2,5020,1002,296,250
8292,2,10943,1011,221,395
5555677,32,30780,3071,380,266
7935,32,156,1036,200,199
4471,2,5550,1768,523,475
4472,2,5560,1768,573,534
4473,2,5570,1768,510,529
4474,2,5580,1768,474,479
4475,2,5590,1768,380,448
4476,2,5600,1768,296,367
4477,2,5610,1768,154,114
4478,2,6850,1011,95,426
4479,2,6850,1011,95,434
4480,2,6850,1011,103,426
4481,2,6850,1011,103,434
25010,2,35930,3933,80,80
25011,2,35940,3933,64,64
25012,2,35950,3933,48,48
25014,2,35960,3933,76,83
25001,2,38427,3983,77,83
25002,2,38437,3983,63,77
25003,2,38440,3983,60,55
25004,2,38450,3983,54,63
200012,2,7610,2090,36,22,1
9952,2,19490,3081,45,51
9953,2,19490,3081,54,51
9954,2,19490,3081,64,51
9891,2,19300,3081,54,62
9892,2,19310,3081,52,44
9893,2,19440,3081,43,44
9894,2,19450,3081,61,44
8278,2,4460,1011,656,698
17222,2,50610,5000,78,43
4026320,2,310,3954,50,39
4026316,2,1314,2024,151,284
4026315,2,1314,2022,215,334
4026314,2,1310,2021,263,64
4026312,2,310,2057,479,364
4026311,2,310,3868,233,392
4026308,2,310,1081,196,205
4026309,2,310,1080,196,205
8270,2,4380,1011,215,360
4026310,2,310,2060,195,162
4026307,2,310,6001,28,68
17126,2,50617,1004,75,46
168052,2,310,2068,46,45
16851,2,310,1764,87,59
9463,2,17160,3055,61,84
16833,2,30770,3055,66,87
9464,2,280,3055,24,90
8272,2,4406,1011,227,404
9465,1,40,3055,41,91
9467,1,17,3055,82,102
9468,1,55,3055,69,110
9469,1,17170,3055,68,96
832663,2,31250,3851,27,40
832664,2,31240,3851,28,33
832662,2,5030,1008,26,16
1153,2,6530,1351,488,372
16915,2,6807,3852,52,60
1154,2,6540,1352,670,468
1155,2,6550,1353,788,545
1156,2,6560,1354,900,677
13124,2,4186,2054,387,470
3,32,30,1002,338,227
4,32,40,1002,284,266
5,32,50,1002,324,230
9,1,30,1000,511,630
10,1,9890,1000,486,621
11,1,116,1011,202,242
4487,2,6700,1020,865,540
4491,2,6740,1020,884,569
4492,2,6740,1020,896,580
4493,2,6740,1020,890,568
4494,2,6740,1020,860,554
4495,2,6740,1020,876,547
4501,2,6767,1011,779,477
42,2,380,6000,35,69
43,2,394,1002,385,259
44,3,80,1036,182,180
45,29,10,1036,215,220
50,16,1086,1036,118,217
51,16,1086,1036,118,213
52,16,1086,1036,118,209
53,16,1086,1036,118,205
54,16,1086,1036,118,201
55,16,1086,1036,118,197
56,16,1086,1036,118,193
57,16,1086,1036,118,189
58,16,1086,1036,118,185
59,16,1086,1036,118,181
60,16,1086,1036,118,177
61,16,1086,1036,118,173
62,16,1086,1036,125,217
63,16,1086,1036,125,213
64,16,1086,1036,125,209
65,16,1086,1036,125,205
66,16,1086,1036,125,201
67,16,1086,1036,125,197
4542,2,8737,6000,28,68
68,16,1086,1036,125,193
69,16,1086,1036,125,189
70,16,1086,1036,125,185
71,16,1086,1036,125,181
72,16,1086,1036,125,177
73,16,1086,1036,125,173
74,16,1086,1036,150,217
75,16,1086,1036,150,213
76,16,1086,1036,150,209
77,16,1086,1036,150,205
78,16,1086,1036,150,201
79,16,1086,1036,150,197
80,16,1086,1036,150,193
81,16,1086,1036,150,189
82,16,1086,1036,150,185
83,16,1086,1036,150,181
84,16,1086,1036,150,177
85,16,1086,1036,150,173
86,16,1086,1036,157,217
87,16,1086,1036,157,213
88,16,1086,1036,157,209
89,16,1086,1036,157,205
90,16,1086,1036,157,201
91,16,1086,1036,157,197
92,16,1086,1036,157,193
93,16,1086,1036,157,189
94,16,1086,1036,157,185
4569,2,3986,1015,324,400
95,16,1086,1036,157,181
96,16,1086,1036,157,177
97,16,1086,1036,157,173
98,16,1086,1036,178,268
99,16,1086,1036,178,263
100,16,1086,1036,178,258
4575,2,4200,1015,340,404
101,16,1086,1036,178,253
4576,2,4210,1015,354,402
102,16,1086,1036,178,248
4577,2,4220,1015,362,397
103,16,1086,1036,178,243
104,16,1086,1036,185,268
4579,2,4086,1015,321,371
105,16,1086,1036,185,263
106,16,1086,1036,185,258
107,16,1086,1036,185,253
4582,2,4140,1011,788,456
108,16,1086,1036,185,248
109,16,1086,1036,185,243
110,16,1086,1036,210,268
111,16,1086,1036,210,263
4586,2,3930,1015,733,776
112,16,1086,1036,210,258
4587,2,3800,1015,683,730
113,16,1086,1036,210,253
4588,2,3810,1015,694,721
114,16,1086,1036,210,248
4589,2,3820,1015,694,735
115,16,1086,1036,210,243
4590,2,3830,1015,698,731
116,16,1086,1036,217,268
117,16,1086,1036,217,263
118,16,1086,1036,217,258
119,16,1086,1036,217,253
120,16,1086,1036,217,248
121,16,1086,1036,217,243
122,16,1086,1036,269,174
9071,33,13396,1036,178,199
150,16,1086,1036,166,152
151,16,1086,1036,166,147
152,16,1086,1036,166,142
153,16,1086,1036,166,137
154,16,1086,1036,166,132
155,16,1086,1036,166,127
156,16,1086,1036,173,152
157,16,1086,1036,173,147
158,16,1086,1036,173,142
159,16,1086,1036,173,137
160,16,1086,1036,173,132
161,16,1086,1036,173,127
174,16,1086,1036,230,217
186,16,1086,1036,269,218
187,16,1086,1036,269,214
188,16,1086,1036,269,210
189,16,1086,1036,269,206
190,16,1086,1036,269,202
191,16,1086,1036,269,198
192,16,1086,1036,269,194
193,16,1086,1036,269,190
194,16,1086,1036,269,186
196,16,1086,1036,269,182
197,16,1086,1036,269,178
198,16,1086,1036,237,217
199,16,1086,1036,237,213
200,16,1086,1036,237,209
201,16,1086,1036,237,205
202,16,1086,1036,237,201
203,16,1086,1036,237,197
204,16,1086,1036,237,193
205,16,1086,1036,237,189
206,16,1086,1036,237,185
207,16,1086,1036,237,181
208,16,1086,1036,237,177
209,16,1086,1036,237,173
210,16,1086,1036,262,218
211,16,1086,1036,262,214
212,16,1086,1036,262,210
213,16,1086,1036,262,206
214,16,1086,1036,262,202
215,16,1086,1036,262,198
216,16,1086,1036,262,194
217,16,1086,1036,262,190
218,16,1086,1036,262,186
219,16,1086,1036,262,182
220,16,1086,1036,262,178
221,16,1086,1036,262,174
7000,2,1131,1038,354,345
15987,2,26390,1036,202,178
380,2,1156,1002,222,237
390,2,1600,1036,192,193
400,2,50017,1004,33,53
421,2,9210,1011,810,458
9391,2,50070,1004,65,33
4972,2,50027,1004,33,41
5004,2,4296,1036,178,183
600100,2,9200,1001,674,340
30101,2,7290,1020,88,387
30105,2,7342,1020,441,451
5518,2,5844,1006,17,33
5519,2,5850,1006,17,22
5520,2,5864,1006,21,33
9998,2,19936,5000,77,34
10000,2,50050,1004,56,33
10001,2,50006,1004,33,65
10003,2,150,1002,271,292
5533,2,9450,1002,283,292
10011,3,200,1000,471,629
10012,3,210,1011,227,246
10013,1,220,1011,197,226
10014,1,230,1011,189,252
10015,1,9880,1000,486,623
10017,1,230,1013,46,22
10020,5,250,1002,331,231
10021,2,260,1002,331,191
10022,2,50040,1004,44,33
30156,2,8060,1036,199,87
10023,1,10,1015,721,541
10025,1,50,1015,751,544
10026,1,30,1015,765,542
10027,3,80,1015,716,541
10028,3,80,1020,576,542
10029,1,50,1020,560,508
10030,1,30,1020,550,542
10050,29,280,1002,307,340
10051,29,280,1000,478,631
10052,29,287,1011,228,255
10053,29,286,1020,566,622
10056,29,280,1015,789,566
10063,2,5020,1002,296,250
5591,2,7630,1006,24,22
5592,2,7644,1006,25,33
5593,2,7650,1006,32,22
5594,2,7664,1006,29,33
5600,2,6327,1002,260,286
5601,2,6330,1002,260,283
5603,2,6224,1006,38,34
7879,2,8500,1002,302,147
5673,2,5060,5000,78,41
5674,2,5076,5000,78,42
101897,2,29506,1038,44,60
101903,31,9340,1002,348,246
101907,31,7920,1011,209,255
101911,31,7944,1020,573,588
101915,31,7966,1015,707,577
101921,31,7996,1000,492,673
3664,2,2480,1011,398,29
102095,15,1467,1001,671,342
8267,2,4357,1011,13,373
8268,2,4364,1011,790,447
8269,2,4370,1011,770,460
8273,2,4410,1011,772,475
8274,2,4420,1011,761,473
8275,2,4430,1011,796,475
8282,2,2380,1011,402,55
8283,2,2380,1011,392,40
8284,2,2380,1011,376,36
8285,2,2380,1011,397,56
8286,2,2380,1011,369,41
8287,2,10903,1020,573,622
8288,2,10853,1020,636,497
8289,2,10913,1020,561,640
8290,2,10923,1020,560,670
8291,2,10931,1020,838,545
8293,2,10953,1020,366,304
8294,2,10963,1020,364,295
8295,2,10973,1020,356,315
8296,2,10863,1020,272,438
8297,2,10873,1020,265,429
8299,2,10893,1020,442,78
8300,2,10853,1020,665,498
8301,2,10803,1020,602,445
8302,2,10813,1020,624,447
8303,2,10823,1020,668,456
8304,2,10833,1020,848,540
8314,2,50037,1004,34,33
8394,2,14021,1000,507,725
8396,2,14037,1012,520,526
8516,2,10373,1015,881,747
8429,2,10040,1000,535,735
8430,2,10040,1000,534,724
8431,2,10040,1000,552,719
8445,2,10170,1000,311,481
8446,2,10180,1000,301,478
8447,2,10190,1000,311,478
8448,2,10200,1000,299,461
8449,2,23070,1000,288,464
8450,2,10220,1000,308,456
8451,2,10230,1000,968,662
8452,2,10230,1000,963,684
8453,2,10230,1000,943,663
15189,2,20130,1036,255,168
15190,2,20130,1036,240,168
8515,2,10363,1015,758,781
8517,2,10383,1015,853,575
8518,2,10393,1015,790,509
6281,2,4700,1011,92,347
6282,2,4700,1011,93,341
8520,2,10413,1015,731,508
6283,2,4700,1011,80,333
6284,2,4700,1011,69,338
6285,2,4700,1011,79,350
6286,2,4700,1011,77,357
6287,2,4700,1011,102,340
6288,2,4700,1011,109,351
6290,2,4700,1011,78,315
6291,2,4700,1011,65,347
6292,2,4700,1011,56,351
6296,2,1227,1020,827,568
1880,2,4276,1036,178,187
8715,2,5590,5000,78,45
8796,2,12097,5000,78,50
20001,2,8210,1020,448,396
20005,2,8350,5000,78,36
4352,1,40,1020,557,559
4353,1,9900,1000,493,612
4354,1,9910,1000,494,609
4355,1,46,1015,756,562
4356,1,16,1011,168,238
4357,1,10,1020,531,512
4358,1,9920,1000,486,627
4359,1,9930,1000,493,616
4434,2,5950,5000,72,73
4437,2,5970,1011,33,398
4450,2,160,1036,193,212
4453,2,6570,5000,78,37
4454,2,6580,1038,317,270
4455,2,6590,1038,236,291
4456,2,6600,1038,194,168
4457,2,6610,1038,115,53
4458,2,6620,1038,316,378
4459,2,6630,1038,136,182
4460,2,6640,1038,38,94
4461,2,6650,5000,78,38
4462,2,6660,1038,62,59
162,16,1086,1036,198,152
163,16,1086,1036,198,147
164,16,1086,1036,198,142
165,16,1086,1036,198,137
166,16,1086,1036,198,132
167,16,1086,1036,198,127
168,16,1086,1036,205,152
169,16,1086,1036,205,147
170,16,1086,1036,205,142
171,16,1086,1036,205,137
172,16,1086,1036,205,132
173,16,1086,1036,205,127
175,16,1086,1036,230,213
3623,2,2350,1700,617,639
176,16,1086,1036,230,209
177,16,1086,1036,230,205
178,16,1086,1036,230,201
179,16,1086,1036,230,197
180,16,1086,1036,230,193
181,16,1086,1036,230,189
182,16,1086,1036,230,185
183,16,1086,1036,230,181
184,16,1086,1036,230,177
185,16,1086,1036,230,173
10580,2,29206,5000,78,36
4452,2,6810,5000,78,39
10223,2,1060,5000,78,40
4486,2,6886,5000,78,46
4488,2,6716,5000,77,78
4490,2,6737,5000,78,35
4505,2,5643,5000,70,71
16050,2,26576,9972,57,53
16051,2,26586,9972,50,61
16052,2,26596,9972,50,57
16053,2,26606,9972,50,53
16054,2,26616,9972,50,49
16055,2,26626,9972,50,45
7832,2,8170,1000,620,467
7833,2,8170,1000,616,494
7834,2,8170,1000,646,507
7835,2,8170,1000,640,483
7836,2,8170,1000,617,508
7837,2,8170,1000,635,460
7838,2,8170,1000,630,498
7839,2,8170,1000,615,449
7840,2,8170,1000,613,456
9897,2,19327,1806,103,105
9944,2,19390,1806,96,73
9946,2,19410,1806,114,91
9947,2,19420,1806,98,111
9948,2,19430,1806,105,98
9897,2,19327,1806,103,105
6299,2,6807,1860,52,60
20508,2,280,10137,93,403
20571,2,47770,10137,568,372
20572,2,47770,10137,358,583
20573,2,47770,10137,658,718
21875,2,48707,10166,63,122
20860,1,36,10166,60,126
21972,2,49720,10166,72,139
20862,2,48680,10166,214,88
20864,2,48680,10166,204,130
20865,2,48680,10166,286,150
20863,2,48680,10166,257,128
20861,2,48680,10166,238,157
21974,2,49740,10166,67,203
21975,2,49730,10166,241,377
600003,2,6100,1042,19,19
600005,2,6127,1043,6,66
600011,2,6127,1046,6,66
600007,2,6127,1044,6,66
600009,2,6127,1045,6,66
600015,2,6127,1048,6,66
600013,2,6127,1047,6,66
600018,2,6132,1050,184,165
600019,2,6132,1050,160,161
600020,2,6132,1050,132,124
600021,2,6132,1050,183,187
600022,2,6132,1050,100,109
600023,2,6132,1050,81,103
18713,2,37400,1036,116,90
21123,2,44790,5555,339,240
19785,2,43860,55555,314,247
99999,1036,250,250,0,1,1,ItemGiver
